170 1 0 -1
170 7 0 1
170 8 0 -1
170 792 0 1
170 2 1 -1
170 9 1 -1
170 793 1 1
170 3 2 -1
170 10 2 -1
170 794 2 1
170 4 3 -1
170 11 3 -1
170 795 3 1
170 5 4 -1
170 12 4 1
170 796 4 -1
170 6 5 -1
170 13 5 1
170 797 5 -1
170 7 6 1
170 14 6 1
170 798 6 1
170 15 7 1
170 799 7 1
170 9 8 1
170 15 8 1
170 16 8 -1
170 10 9 1
170 17 9 1
170 11 10 1
170 18 10 1
170 12 11 1
170 19 11 1
170 13 12 -1
170 20 12 -1
170 14 13 -1
170 21 13 1
170 15 14 1
170 22 14 -1
170 23 15 -1
170 17 16 -1
170 23 16 -1
170 24 16 1
170 18 17 -1
170 25 17 1
170 19 18 -1
170 26 18 1
170 20 19 -1
170 27 19 -1
170 21 20 1
170 28 20 -1
170 22 21 -1
170 29 21 1
170 23 22 -1
170 30 22 -1
170 31 23 -1
170 25 24 1
170 31 24 -1
170 32 24 1
170 26 25 -1
170 33 25 1
170 27 26 1
170 34 26 -1
170 28 27 1
170 35 27 1
170 29 28 -1
170 36 28 1
170 30 29 -1
170 37 29 -1
170 31 30 -1
170 38 30 1
170 39 31 1
170 33 32 -1
170 39 32 -1
170 40 32 -1
170 34 33 1
170 41 33 1
170 35 34 1
170 42 34 1
170 36 35 1
170 43 35 1
170 37 36 1
170 44 36 1
170 38 37 -1
170 45 37 -1
170 39 38 -1
170 46 38 -1
170 47 39 1
170 41 40 -1
170 47 40 -1
170 48 40 1
170 42 41 -1
170 49 41 -1
170 43 42 -1
170 50 42 -1
170 44 43 1
170 51 43 1
170 45 44 1
170 52 44 -1
170 46 45 -1
170 53 45 -1
170 47 46 -1
170 54 46 -1
170 55 47 1
170 49 48 -1
170 55 48 -1
170 56 48 -1
170 50 49 1
170 57 49 1
170 51 50 -1
170 58 50 -1
170 52 51 1
170 59 51 -1
170 53 52 1
170 60 52 1
170 54 53 -1
170 61 53 -1
170 55 54 1
170 62 54 1
170 63 55 -1
170 57 56 -1
170 63 56 1
170 64 56 -1
170 58 57 -1
170 65 57 -1
170 59 58 1
170 66 58 1
170 60 59 -1
170 67 59 -1
170 61 60 1
170 68 60 1
170 62 61 1
170 69 61 -1
170 63 62 -1
170 70 62 -1
170 71 63 1
170 65 64 -1
170 71 64 -1
170 72 64 1
170 66 65 -1
170 73 65 -1
170 67 66 -1
170 74 66 -1
170 68 67 1
170 75 67 1
170 69 68 -1
170 76 68 1
170 70 69 1
170 77 69 -1
170 71 70 -1
170 78 70 1
170 79 71 -1
170 73 72 -1
170 79 72 1
170 80 72 -1
170 74 73 -1
170 81 73 1
170 75 74 1
170 82 74 1
170 76 75 -1
170 83 75 -1
170 77 76 -1
170 84 76 1
170 78 77 -1
170 85 77 -1
170 79 78 1
170 86 78 1
170 87 79 1
170 81 80 1
170 87 80 1
170 88 80 1
170 82 81 1
170 89 81 -1
170 83 82 -1
170 90 82 1
170 84 83 1
170 91 83 -1
170 85 84 -1
170 92 84 -1
170 86 85 1
170 93 85 -1
170 87 86 -1
170 94 86 1
170 95 87 1
170 89 88 1
170 95 88 1
170 96 88 -1
170 90 89 -1
170 97 89 -1
170 91 90 1
170 98 90 1
170 92 91 -1
170 99 91 -1
170 93 92 1
170 100 92 -1
170 94 93 -1
170 101 93 -1
170 95 94 -1
170 102 94 -1
170 103 95 -1
170 97 96 -1
170 103 96 -1
170 104 96 -1
170 98 97 -1
170 105 97 -1
170 99 98 -1
170 106 98 -1
170 100 99 1
170 107 99 1
170 101 100 1
170 108 100 -1
170 102 101 -1
170 109 101 1
170 103 102 -1
170 110 102 1
170 111 103 1
170 105 104 1
170 111 104 -1
170 112 104 -1
170 106 105 1
170 113 105 1
170 107 106 -1
170 114 106 1
170 108 107 -1
170 115 107 -1
170 109 108 -1
170 116 108 1
170 110 109 -1
170 117 109 -1
170 111 110 1
170 118 110 1
170 119 111 -1
170 113 112 1
170 119 112 -1
170 120 112 1
170 114 113 1
170 121 113 -1
170 115 114 1
170 122 114 -1
170 116 115 1
170 123 115 1
170 117 116 -1
170 124 116 -1
170 118 117 -1
170 125 117 1
170 119 118 1
170 126 118 -1
170 127 119 1
170 121 120 -1
170 127 120 -1
170 128 120 1
170 122 121 1
170 129 121 1
170 123 122 1
170 130 122 1
170 124 123 1
170 131 123 1
170 125 124 1
170 132 124 -1
170 126 125 -1
170 133 125 1
170 127 126 -1
170 134 126 -1
170 135 127 1
170 129 128 -1
170 135 128 1
170 136 128 -1
170 130 129 1
170 137 129 1
170 131 130 1
170 138 130 1
170 132 131 1
170 139 131 1
170 133 132 -1
170 140 132 1
170 134 133 1
170 141 133 -1
170 135 134 1
170 142 134 1
170 143 135 -1
170 137 136 -1
170 143 136 1
170 144 136 -1
170 138 137 -1
170 145 137 -1
170 139 138 1
170 146 138 -1
170 140 139 -1
170 147 139 1
170 141 140 1
170 148 140 -1
170 142 141 1
170 149 141 -1
170 143 142 1
170 150 142 1
170 151 143 1
170 145 144 1
170 151 144 -1
170 152 144 -1
170 146 145 -1
170 153 145 1
170 147 146 1
170 154 146 1
170 148 147 1
170 155 147 -1
170 149 148 -1
170 156 148 1
170 150 149 1
170 157 149 -1
170 151 150 1
170 158 150 1
170 159 151 -1
170 153 152 1
170 159 152 1
170 160 152 -1
170 154 153 1
170 161 153 1
170 155 154 -1
170 162 154 -1
170 156 155 -1
170 163 155 -1
170 157 156 -1
170 164 156 -1
170 158 157 -1
170 165 157 1
170 159 158 -1
170 166 158 -1
170 167 159 1
170 161 160 1
170 167 160 1
170 168 160 1
170 162 161 1
170 169 161 -1
170 163 162 1
170 170 162 1
170 164 163 -1
170 171 163 -1
170 165 164 1
170 172 164 -1
170 166 165 -1
170 173 165 -1
170 167 166 1
170 174 166 -1
170 175 167 1
170 169 168 1
170 175 168 -1
170 176 168 1
170 170 169 -1
170 177 169 -1
170 171 170 1
170 178 170 -1
170 172 171 1
170 179 171 -1
170 173 172 1
170 180 172 1
170 174 173 -1
170 181 173 1
170 175 174 1
170 182 174 -1
170 183 175 -1
170 177 176 1
170 183 176 -1
170 184 176 1
170 178 177 -1
170 185 177 -1
170 179 178 -1
170 186 178 1
170 180 179 1
170 187 179 1
170 181 180 1
170 188 180 1
170 182 181 1
170 189 181 1
170 183 182 -1
170 190 182 1
170 191 183 -1
170 185 184 -1
170 191 184 -1
170 192 184 1
170 186 185 1
170 193 185 1
170 187 186 1
170 194 186 1
170 188 187 1
170 195 187 1
170 189 188 -1
170 196 188 -1
170 190 189 1
170 197 189 -1
170 191 190 -1
170 198 190 1
170 199 191 -1
170 193 192 1
170 199 192 -1
170 200 192 1
170 194 193 -1
170 201 193 1
170 195 194 -1
170 202 194 1
170 196 195 -1
170 203 195 -1
170 197 196 1
170 204 196 -1
170 198 197 -1
170 205 197 1
170 199 198 1
170 206 198 -1
170 207 199 -1
170 201 200 -1
170 207 200 1
170 208 200 -1
170 202 201 -1
170 209 201 1
170 203 202 -1
170 210 202 -1
170 204 203 1
170 211 203 -1
170 205 204 1
170 212 204 1
170 206 205 -1
170 213 205 1
170 207 206 1
170 214 206 -1
170 215 207 1
170 209 208 1
170 215 208 1
170 216 208 -1
170 210 209 -1
170 217 209 1
170 211 210 1
170 218 210 1
170 212 211 1
170 219 211 1
170 213 212 1
170 220 212 -1
170 214 213 -1
170 221 213 1
170 215 214 -1
170 222 214 1
170 223 215 -1
170 217 216 -1
170 223 216 -1
170 224 216 -1
170 218 217 1
170 225 217 1
170 219 218 1
170 226 218 -1
170 220 219 1
170 227 219 -1
170 221 220 1
170 228 220 -1
170 222 221 1
170 229 221 1
170 223 222 -1
170 230 222 1
170 231 223 -1
170 225 224 -1
170 231 224 1
170 232 224 -1
170 226 225 1
170 233 225 1
170 227 226 1
170 234 226 -1
170 228 227 -1
170 235 227 1
170 229 228 -1
170 236 228 -1
170 230 229 -1
170 237 229 -1
170 231 230 1
170 238 230 -1
170 239 231 1
170 233 232 -1
170 239 232 1
170 240 232 1
170 234 233 -1
170 241 233 1
170 235 234 -1
170 242 234 1
170 236 235 -1
170 243 235 -1
170 237 236 1
170 244 236 -1
170 238 237 1
170 245 237 1
170 239 238 1
170 246 238 1
170 247 239 1
170 241 240 1
170 247 240 -1
170 248 240 1
170 242 241 -1
170 249 241 -1
170 243 242 -1
170 250 242 -1
170 244 243 -1
170 251 243 -1
170 245 244 -1
170 252 244 -1
170 246 245 1
170 253 245 1
170 247 246 1
170 254 246 -1
170 255 247 -1
170 249 248 1
170 255 248 -1
170 256 248 1
170 250 249 1
170 257 249 1
170 251 250 1
170 258 250 -1
170 252 251 -1
170 259 251 -1
170 253 252 1
170 260 252 -1
170 254 253 1
170 261 253 1
170 255 254 -1
170 262 254 -1
170 263 255 -1
170 257 256 1
170 263 256 -1
170 264 256 -1
170 258 257 1
170 265 257 -1
170 259 258 1
170 266 258 1
170 260 259 1
170 267 259 1
170 261 260 -1
170 268 260 1
170 262 261 -1
170 269 261 -1
170 263 262 1
170 270 262 -1
170 271 263 -1
170 265 264 -1
170 271 264 -1
170 272 264 1
170 266 265 1
170 273 265 -1
170 267 266 1
170 274 266 1
170 268 267 -1
170 275 267 -1
170 269 268 1
170 276 268 -1
170 270 269 1
170 277 269 -1
170 271 270 -1
170 278 270 1
170 279 271 -1
170 273 272 -1
170 279 272 1
170 280 272 1
170 274 273 1
170 281 273 1
170 275 274 1
170 282 274 -1
170 276 275 1
170 283 275 -1
170 277 276 -1
170 284 276 -1
170 278 277 1
170 285 277 1
170 279 278 1
170 286 278 -1
170 287 279 1
170 281 280 -1
170 287 280 -1
170 288 280 1
170 282 281 -1
170 289 281 -1
170 283 282 -1
170 290 282 1
170 284 283 1
170 291 283 -1
170 285 284 1
170 292 284 1
170 286 285 1
170 293 285 -1
170 287 286 1
170 294 286 1
170 295 287 1
170 289 288 1
170 295 288 1
170 296 288 1
170 290 289 1
170 297 289 -1
170 291 290 1
170 298 290 1
170 292 291 1
170 299 291 1
170 293 292 1
170 300 292 1
170 294 293 -1
170 301 293 1
170 295 294 -1
170 302 294 1
170 303 295 -1
170 297 296 1
170 303 296 -1
170 304 296 1
170 298 297 -1
170 305 297 1
170 299 298 1
170 306 298 1
170 300 299 -1
170 307 299 1
170 301 300 -1
170 308 300 -1
170 302 301 1
170 309 301 1
170 303 302 -1
170 310 302 -1
170 311 303 1
170 305 304 -1
170 311 304 -1
170 312 304 1
170 306 305 -1
170 313 305 -1
170 307 306 1
170 314 306 -1
170 308 307 1
170 315 307 -1
170 309 308 -1
170 316 308 -1
170 310 309 1
170 317 309 -1
170 311 310 1
170 318 310 1
170 319 311 -1
170 313 312 1
170 319 312 -1
170 320 312 1
170 314 313 1
170 321 313 -1
170 315 314 -1
170 322 314 1
170 316 315 1
170 323 315 -1
170 317 316 1
170 324 316 -1
170 318 317 -1
170 325 317 1
170 319 318 -1
170 326 318 1
170 327 319 1
170 321 320 -1
170 327 320 -1
170 328 320 1
170 322 321 -1
170 329 321 -1
170 323 322 1
170 330 322 1
170 324 323 -1
170 331 323 1
170 325 324 1
170 332 324 1
170 326 325 -1
170 333 325 1
170 327 326 1
170 334 326 1
170 335 327 1
170 329 328 1
170 335 328 -1
170 336 328 1
170 330 329 -1
170 337 329 1
170 331 330 1
170 338 330 1
170 332 331 -1
170 339 331 -1
170 333 332 -1
170 340 332 -1
170 334 333 1
170 341 333 -1
170 335 334 -1
170 342 334 -1
170 343 335 -1
170 337 336 -1
170 343 336 -1
170 344 336 -1
170 338 337 1
170 345 337 1
170 339 338 -1
170 346 338 -1
170 340 339 1
170 347 339 1
170 341 340 -1
170 348 340 -1
170 342 341 -1
170 349 341 -1
170 343 342 -1
170 350 342 1
170 351 343 1
170 345 344 -1
170 351 344 -1
170 352 344 -1
170 346 345 1
170 353 345 -1
170 347 346 -1
170 354 346 1
170 348 347 -1
170 355 347 1
170 349 348 -1
170 356 348 -1
170 350 349 -1
170 357 349 -1
170 351 350 -1
170 358 350 1
170 359 351 -1
170 353 352 1
170 359 352 1
170 360 352 1
170 354 353 -1
170 361 353 1
170 355 354 -1
170 362 354 1
170 356 355 1
170 363 355 1
170 357 356 1
170 364 356 -1
170 358 357 1
170 365 357 1
170 359 358 -1
170 366 358 -1
170 367 359 -1
170 361 360 -1
170 367 360 1
170 368 360 1
170 362 361 -1
170 369 361 1
170 363 362 1
170 370 362 -1
170 364 363 -1
170 371 363 -1
170 365 364 -1
170 372 364 -1
170 366 365 1
170 373 365 1
170 367 366 1
170 374 366 -1
170 375 367 -1
170 369 368 -1
170 375 368 1
170 376 368 1
170 370 369 -1
170 377 369 1
170 371 370 -1
170 378 370 1
170 372 371 1
170 379 371 -1
170 373 372 -1
170 380 372 1
170 374 373 -1
170 381 373 -1
170 375 374 1
170 382 374 -1
170 383 375 -1
170 377 376 1
170 383 376 -1
170 384 376 -1
170 378 377 1
170 385 377 -1
170 379 378 -1
170 386 378 -1
170 380 379 1
170 387 379 1
170 381 380 -1
170 388 380 1
170 382 381 -1
170 389 381 -1
170 383 382 -1
170 390 382 1
170 391 383 1
170 385 384 -1
170 391 384 -1
170 392 384 -1
170 386 385 1
170 393 385 -1
170 387 386 1
170 394 386 1
170 388 387 1
170 395 387 -1
170 389 388 -1
170 396 388 1
170 390 389 -1
170 397 389 -1
170 391 390 1
170 398 390 -1
170 399 391 1
170 393 392 1
170 399 392 -1
170 400 392 -1
170 394 393 1
170 401 393 -1
170 395 394 1
170 402 394 1
170 396 395 -1
170 403 395 -1
170 397 396 1
170 404 396 1
170 398 397 1
170 405 397 1
170 399 398 1
170 406 398 1
170 407 399 1
170 401 400 1
170 407 400 1
170 408 400 -1
170 402 401 -1
170 409 401 -1
170 403 402 1
170 410 402 1
170 404 403 -1
170 411 403 1
170 405 404 -1
170 412 404 -1
170 406 405 1
170 413 405 1
170 407 406 1
170 414 406 -1
170 415 407 1
170 409 408 1
170 415 408 1
170 416 408 1
170 410 409 1
170 417 409 -1
170 411 410 -1
170 418 410 1
170 412 411 1
170 419 411 1
170 413 412 1
170 420 412 1
170 414 413 -1
170 421 413 1
170 415 414 1
170 422 414 1
170 423 415 1
170 417 416 1
170 423 416 1
170 424 416 -1
170 418 417 -1
170 425 417 1
170 419 418 1
170 426 418 -1
170 420 419 -1
170 427 419 1
170 421 420 1
170 428 420 1
170 422 421 -1
170 429 421 -1
170 423 422 1
170 430 422 1
170 431 423 1
170 425 424 1
170 431 424 1
170 432 424 1
170 426 425 1
170 433 425 -1
170 427 426 1
170 434 426 -1
170 428 427 1
170 435 427 -1
170 429 428 1
170 436 428 1
170 430 429 -1
170 437 429 1
170 431 430 -1
170 438 430 1
170 439 431 1
170 433 432 1
170 439 432 -1
170 440 432 -1
170 434 433 1
170 441 433 1
170 435 434 1
170 442 434 -1
170 436 435 1
170 443 435 -1
170 437 436 1
170 444 436 -1
170 438 437 1
170 445 437 -1
170 439 438 1
170 446 438 1
170 447 439 1
170 441 440 -1
170 447 440 -1
170 448 440 1
170 442 441 1
170 449 441 -1
170 443 442 -1
170 450 442 1
170 444 443 1
170 451 443 -1
170 445 444 -1
170 452 444 1
170 446 445 -1
170 453 445 1
170 447 446 -1
170 454 446 -1
170 455 447 1
170 449 448 1
170 455 448 1
170 456 448 -1
170 450 449 -1
170 457 449 1
170 451 450 -1
170 458 450 1
170 452 451 -1
170 459 451 -1
170 453 452 1
170 460 452 1
170 454 453 -1
170 461 453 -1
170 455 454 1
170 462 454 -1
170 463 455 -1
170 457 456 1
170 463 456 -1
170 464 456 -1
170 458 457 -1
170 465 457 1
170 459 458 1
170 466 458 1
170 460 459 1
170 467 459 1
170 461 460 1
170 468 460 -1
170 462 461 1
170 469 461 1
170 463 462 1
170 470 462 -1
170 471 463 1
170 465 464 -1
170 471 464 -1
170 472 464 1
170 466 465 -1
170 473 465 -1
170 467 466 -1
170 474 466 1
170 468 467 -1
170 475 467 1
170 469 468 1
170 476 468 1
170 470 469 -1
170 477 469 -1
170 471 470 1
170 478 470 -1
170 479 471 1
170 473 472 1
170 479 472 1
170 480 472 1
170 474 473 1
170 481 473 1
170 475 474 1
170 482 474 1
170 476 475 1
170 483 475 -1
170 477 476 -1
170 484 476 1
170 478 477 1
170 485 477 1
170 479 478 1
170 486 478 -1
170 487 479 -1
170 481 480 1
170 487 480 1
170 488 480 -1
170 482 481 1
170 489 481 1
170 483 482 1
170 490 482 -1
170 484 483 -1
170 491 483 -1
170 485 484 -1
170 492 484 1
170 486 485 1
170 493 485 1
170 487 486 -1
170 494 486 1
170 495 487 -1
170 489 488 1
170 495 488 -1
170 496 488 -1
170 490 489 -1
170 497 489 1
170 491 490 -1
170 498 490 1
170 492 491 -1
170 499 491 1
170 493 492 1
170 500 492 -1
170 494 493 -1
170 501 493 -1
170 495 494 -1
170 502 494 -1
170 503 495 -1
170 497 496 1
170 503 496 -1
170 504 496 -1
170 498 497 -1
170 505 497 -1
170 499 498 1
170 506 498 1
170 500 499 1
170 507 499 -1
170 501 500 -1
170 508 500 1
170 502 501 1
170 509 501 -1
170 503 502 1
170 510 502 -1
170 511 503 -1
170 505 504 1
170 511 504 -1
170 512 504 -1
170 506 505 1
170 513 505 -1
170 507 506 1
170 514 506 -1
170 508 507 1
170 515 507 -1
170 509 508 1
170 516 508 1
170 510 509 -1
170 517 509 -1
170 511 510 -1
170 518 510 -1
170 519 511 1
170 513 512 1
170 519 512 -1
170 520 512 -1
170 514 513 -1
170 521 513 1
170 515 514 1
170 522 514 1
170 516 515 1
170 523 515 1
170 517 516 -1
170 524 516 -1
170 518 517 1
170 525 517 1
170 519 518 1
170 526 518 -1
170 527 519 -1
170 521 520 -1
170 527 520 -1
170 528 520 -1
170 522 521 -1
170 529 521 -1
170 523 522 -1
170 530 522 -1
170 524 523 -1
170 531 523 1
170 525 524 -1
170 532 524 -1
170 526 525 1
170 533 525 -1
170 527 526 1
170 534 526 1
170 535 527 1
170 529 528 1
170 535 528 1
170 536 528 -1
170 530 529 -1
170 537 529 -1
170 531 530 -1
170 538 530 -1
170 532 531 -1
170 539 531 -1
170 533 532 -1
170 540 532 1
170 534 533 -1
170 541 533 -1
170 535 534 -1
170 542 534 -1
170 543 535 1
170 537 536 -1
170 543 536 1
170 544 536 -1
170 538 537 -1
170 545 537 -1
170 539 538 1
170 546 538 -1
170 540 539 1
170 547 539 -1
170 541 540 1
170 548 540 1
170 542 541 -1
170 549 541 1
170 543 542 -1
170 550 542 1
170 551 543 -1
170 545 544 -1
170 551 544 -1
170 552 544 -1
170 546 545 -1
170 553 545 -1
170 547 546 -1
170 554 546 -1
170 548 547 -1
170 555 547 1
170 549 548 1
170 556 548 -1
170 550 549 1
170 557 549 -1
170 551 550 -1
170 558 550 -1
170 559 551 -1
170 553 552 -1
170 559 552 -1
170 560 552 1
170 554 553 1
170 561 553 1
170 555 554 1
170 562 554 1
170 556 555 -1
170 563 555 1
170 557 556 -1
170 564 556 -1
170 558 557 -1
170 565 557 1
170 559 558 -1
170 566 558 1
170 567 559 1
170 561 560 1
170 567 560 -1
170 568 560 -1
170 562 561 1
170 569 561 -1
170 563 562 1
170 570 562 -1
170 564 563 1
170 571 563 -1
170 565 564 -1
170 572 564 -1
170 566 565 -1
170 573 565 -1
170 567 566 -1
170 574 566 -1
170 575 567 1
170 569 568 -1
170 575 568 1
170 576 568 1
170 570 569 -1
170 577 569 1
170 571 570 -1
170 578 570 1
170 572 571 1
170 579 571 1
170 573 572 1
170 580 572 -1
170 574 573 1
170 581 573 1
170 575 574 1
170 582 574 1
170 583 575 1
170 577 576 -1
170 583 576 -1
170 584 576 -1
170 578 577 -1
170 585 577 -1
170 579 578 -1
170 586 578 -1
170 580 579 1
170 587 579 -1
170 581 580 -1
170 588 580 -1
170 582 581 1
170 589 581 1
170 583 582 1
170 590 582 1
170 591 583 1
170 585 584 1
170 591 584 1
170 592 584 1
170 586 585 1
170 593 585 1
170 587 586 -1
170 594 586 1
170 588 587 -1
170 595 587 1
170 589 588 -1
170 596 588 1
170 590 589 -1
170 597 589 1
170 591 590 -1
170 598 590 -1
170 599 591 1
170 593 592 1
170 599 592 -1
170 600 592 1
170 594 593 -1
170 601 593 -1
170 595 594 -1
170 602 594 -1
170 596 595 1
170 603 595 1
170 597 596 -1
170 604 596 1
170 598 597 -1
170 605 597 1
170 599 598 1
170 606 598 1
170 607 599 1
170 601 600 -1
170 607 600 1
170 608 600 -1
170 602 601 -1
170 609 601 1
170 603 602 -1
170 610 602 1
170 604 603 -1
170 611 603 1
170 605 604 -1
170 612 604 1
170 606 605 1
170 613 605 1
170 607 606 1
170 614 606 1
170 615 607 -1
170 609 608 1
170 615 608 1
170 616 608 -1
170 610 609 1
170 617 609 1
170 611 610 1
170 618 610 1
170 612 611 -1
170 619 611 -1
170 613 612 1
170 620 612 -1
170 614 613 1
170 621 613 -1
170 615 614 1
170 622 614 -1
170 623 615 1
170 617 616 -1
170 623 616 1
170 624 616 -1
170 618 617 1
170 625 617 1
170 619 618 1
170 626 618 1
170 620 619 -1
170 627 619 1
170 621 620 -1
170 628 620 1
170 622 621 -1
170 629 621 -1
170 623 622 -1
170 630 622 -1
170 631 623 1
170 625 624 -1
170 631 624 1
170 632 624 1
170 626 625 -1
170 633 625 1
170 627 626 -1
170 634 626 -1
170 628 627 1
170 635 627 1
170 629 628 1
170 636 628 -1
170 630 629 -1
170 637 629 -1
170 631 630 1
170 638 630 1
170 639 631 1
170 633 632 -1
170 639 632 1
170 640 632 -1
170 634 633 -1
170 641 633 1
170 635 634 1
170 642 634 1
170 636 635 -1
170 643 635 1
170 637 636 -1
170 644 636 -1
170 638 637 -1
170 645 637 -1
170 639 638 1
170 646 638 1
170 647 639 -1
170 641 640 -1
170 647 640 -1
170 648 640 -1
170 642 641 1
170 649 641 -1
170 643 642 -1
170 650 642 1
170 644 643 1
170 651 643 1
170 645 644 1
170 652 644 1
170 646 645 1
170 653 645 -1
170 647 646 1
170 654 646 -1
170 655 647 1
170 649 648 1
170 655 648 1
170 656 648 1
170 650 649 1
170 657 649 1
170 651 650 1
170 658 650 -1
170 652 651 -1
170 659 651 -1
170 653 652 -1
170 660 652 1
170 654 653 1
170 661 653 1
170 655 654 1
170 662 654 -1
170 663 655 1
170 657 656 1
170 663 656 1
170 664 656 1
170 658 657 1
170 665 657 1
170 659 658 1
170 666 658 -1
170 660 659 1
170 667 659 1
170 661 660 1
170 668 660 1
170 662 661 -1
170 669 661 -1
170 663 662 -1
170 670 662 1
170 671 663 -1
170 665 664 1
170 671 664 -1
170 672 664 1
170 666 665 -1
170 673 665 -1
170 667 666 -1
170 674 666 1
170 668 667 1
170 675 667 -1
170 669 668 1
170 676 668 -1
170 670 669 -1
170 677 669 1
170 671 670 -1
170 678 670 1
170 679 671 1
170 673 672 -1
170 679 672 1
170 680 672 -1
170 674 673 1
170 681 673 -1
170 675 674 1
170 682 674 -1
170 676 675 1
170 683 675 -1
170 677 676 1
170 684 676 -1
170 678 677 1
170 685 677 -1
170 679 678 -1
170 686 678 -1
170 687 679 -1
170 681 680 1
170 687 680 -1
170 688 680 1
170 682 681 1
170 689 681 -1
170 683 682 -1
170 690 682 1
170 684 683 -1
170 691 683 1
170 685 684 -1
170 692 684 1
170 686 685 -1
170 693 685 1
170 687 686 1
170 694 686 -1
170 695 687 -1
170 689 688 1
170 695 688 -1
170 696 688 1
170 690 689 -1
170 697 689 1
170 691 690 1
170 698 690 -1
170 692 691 1
170 699 691 1
170 693 692 -1
170 700 692 -1
170 694 693 1
170 701 693 -1
170 695 694 1
170 702 694 -1
170 703 695 -1
170 697 696 1
170 703 696 -1
170 704 696 1
170 698 697 -1
170 705 697 -1
170 699 698 -1
170 706 698 1
170 700 699 -1
170 707 699 1
170 701 700 1
170 708 700 1
170 702 701 1
170 709 701 1
170 703 702 1
170 710 702 -1
170 711 703 -1
170 705 704 -1
170 711 704 1
170 712 704 1
170 706 705 -1
170 713 705 -1
170 707 706 1
170 714 706 -1
170 708 707 1
170 715 707 1
170 709 708 -1
170 716 708 1
170 710 709 1
170 717 709 -1
170 711 710 1
170 718 710 1
170 719 711 -1
170 713 712 -1
170 719 712 1
170 720 712 -1
170 714 713 1
170 721 713 1
170 715 714 1
170 722 714 -1
170 716 715 1
170 723 715 -1
170 717 716 -1
170 724 716 1
170 718 717 1
170 725 717 1
170 719 718 -1
170 726 718 -1
170 727 719 -1
170 721 720 -1
170 727 720 1
170 728 720 -1
170 722 721 1
170 729 721 1
170 723 722 -1
170 730 722 1
170 724 723 1
170 731 723 -1
170 725 724 1
170 732 724 1
170 726 725 1
170 733 725 1
170 727 726 1
170 734 726 1
170 735 727 1
170 729 728 1
170 735 728 -1
170 736 728 1
170 730 729 1
170 737 729 1
170 731 730 1
170 738 730 1
170 732 731 -1
170 739 731 1
170 733 732 -1
170 740 732 1
170 734 733 1
170 741 733 -1
170 735 734 -1
170 742 734 -1
170 743 735 1
170 737 736 1
170 743 736 -1
170 744 736 1
170 738 737 -1
170 745 737 1
170 739 738 1
170 746 738 1
170 740 739 -1
170 747 739 1
170 741 740 -1
170 748 740 1
170 742 741 -1
170 749 741 1
170 743 742 1
170 750 742 -1
170 751 743 1
170 745 744 1
170 751 744 -1
170 752 744 1
170 746 745 -1
170 753 745 -1
170 747 746 -1
170 754 746 1
170 748 747 -1
170 755 747 1
170 749 748 -1
170 756 748 1
170 750 749 1
170 757 749 -1
170 751 750 1
170 758 750 -1
170 759 751 1
170 753 752 1
170 759 752 1
170 760 752 1
170 754 753 -1
170 761 753 -1
170 755 754 1
170 762 754 1
170 756 755 -1
170 763 755 -1
170 757 756 -1
170 764 756 -1
170 758 757 -1
170 765 757 1
170 759 758 -1
170 766 758 1
170 767 759 1
170 761 760 1
170 767 760 1
170 768 760 1
170 762 761 -1
170 769 761 1
170 763 762 1
170 770 762 -1
170 764 763 -1
170 771 763 -1
170 765 764 -1
170 772 764 -1
170 766 765 1
170 773 765 -1
170 767 766 -1
170 774 766 -1
170 775 767 -1
170 769 768 1
170 775 768 1
170 776 768 -1
170 770 769 -1
170 777 769 1
170 771 770 1
170 778 770 1
170 772 771 -1
170 779 771 -1
170 773 772 1
170 780 772 -1
170 774 773 1
170 781 773 -1
170 775 774 1
170 782 774 1
170 783 775 1
170 777 776 1
170 783 776 1
170 784 776 1
170 778 777 -1
170 785 777 -1
170 779 778 1
170 786 778 1
170 780 779 1
170 787 779 -1
170 781 780 -1
170 788 780 1
170 782 781 -1
170 789 781 1
170 783 782 -1
170 790 782 -1
170 791 783 1
170 785 784 1
170 791 784 1
170 792 784 -1
170 786 785 -1
170 793 785 -1
170 787 786 -1
170 794 786 1
170 788 787 -1
170 795 787 1
170 789 788 1
170 796 788 1
170 790 789 -1
170 797 789 1
170 791 790 -1
170 798 790 -1
170 799 791 1
170 793 792 -1
170 799 792 -1
170 794 793 -1
170 795 794 -1
170 796 795 -1
170 797 796 -1
170 798 797 -1
170 799 798 -1
170 0 1 -1
170 0 7 1
170 0 8 -1
170 0 792 1
170 1 2 -1
170 1 9 -1
170 1 793 1
170 2 3 -1
170 2 10 -1
170 2 794 1
170 3 4 -1
170 3 11 -1
170 3 795 1
170 4 5 -1
170 4 12 1
170 4 796 -1
170 5 6 -1
170 5 13 1
170 5 797 -1
170 6 7 1
170 6 14 1
170 6 798 1
170 7 15 1
170 7 799 1
170 8 9 1
170 8 15 1
170 8 16 -1
170 9 10 1
170 9 17 1
170 10 11 1
170 10 18 1
170 11 12 1
170 11 19 1
170 12 13 -1
170 12 20 -1
170 13 14 -1
170 13 21 1
170 14 15 1
170 14 22 -1
170 15 23 -1
170 16 17 -1
170 16 23 -1
170 16 24 1
170 17 18 -1
170 17 25 1
170 18 19 -1
170 18 26 1
170 19 20 -1
170 19 27 -1
170 20 21 1
170 20 28 -1
170 21 22 -1
170 21 29 1
170 22 23 -1
170 22 30 -1
170 23 31 -1
170 24 25 1
170 24 31 -1
170 24 32 1
170 25 26 -1
170 25 33 1
170 26 27 1
170 26 34 -1
170 27 28 1
170 27 35 1
170 28 29 -1
170 28 36 1
170 29 30 -1
170 29 37 -1
170 30 31 -1
170 30 38 1
170 31 39 1
170 32 33 -1
170 32 39 -1
170 32 40 -1
170 33 34 1
170 33 41 1
170 34 35 1
170 34 42 1
170 35 36 1
170 35 43 1
170 36 37 1
170 36 44 1
170 37 38 -1
170 37 45 -1
170 38 39 -1
170 38 46 -1
170 39 47 1
170 40 41 -1
170 40 47 -1
170 40 48 1
170 41 42 -1
170 41 49 -1
170 42 43 -1
170 42 50 -1
170 43 44 1
170 43 51 1
170 44 45 1
170 44 52 -1
170 45 46 -1
170 45 53 -1
170 46 47 -1
170 46 54 -1
170 47 55 1
170 48 49 -1
170 48 55 -1
170 48 56 -1
170 49 50 1
170 49 57 1
170 50 51 -1
170 50 58 -1
170 51 52 1
170 51 59 -1
170 52 53 1
170 52 60 1
170 53 54 -1
170 53 61 -1
170 54 55 1
170 54 62 1
170 55 63 -1
170 56 57 -1
170 56 63 1
170 56 64 -1
170 57 58 -1
170 57 65 -1
170 58 59 1
170 58 66 1
170 59 60 -1
170 59 67 -1
170 60 61 1
170 60 68 1
170 61 62 1
170 61 69 -1
170 62 63 -1
170 62 70 -1
170 63 71 1
170 64 65 -1
170 64 71 -1
170 64 72 1
170 65 66 -1
170 65 73 -1
170 66 67 -1
170 66 74 -1
170 67 68 1
170 67 75 1
170 68 69 -1
170 68 76 1
170 69 70 1
170 69 77 -1
170 70 71 -1
170 70 78 1
170 71 79 -1
170 72 73 -1
170 72 79 1
170 72 80 -1
170 73 74 -1
170 73 81 1
170 74 75 1
170 74 82 1
170 75 76 -1
170 75 83 -1
170 76 77 -1
170 76 84 1
170 77 78 -1
170 77 85 -1
170 78 79 1
170 78 86 1
170 79 87 1
170 80 81 1
170 80 87 1
170 80 88 1
170 81 82 1
170 81 89 -1
170 82 83 -1
170 82 90 1
170 83 84 1
170 83 91 -1
170 84 85 -1
170 84 92 -1
170 85 86 1
170 85 93 -1
170 86 87 -1
170 86 94 1
170 87 95 1
170 88 89 1
170 88 95 1
170 88 96 -1
170 89 90 -1
170 89 97 -1
170 90 91 1
170 90 98 1
170 91 92 -1
170 91 99 -1
170 92 93 1
170 92 100 -1
170 93 94 -1
170 93 101 -1
170 94 95 -1
170 94 102 -1
170 95 103 -1
170 96 97 -1
170 96 103 -1
170 96 104 -1
170 97 98 -1
170 97 105 -1
170 98 99 -1
170 98 106 -1
170 99 100 1
170 99 107 1
170 100 101 1
170 100 108 -1
170 101 102 -1
170 101 109 1
170 102 103 -1
170 102 110 1
170 103 111 1
170 104 105 1
170 104 111 -1
170 104 112 -1
170 105 106 1
170 105 113 1
170 106 107 -1
170 106 114 1
170 107 108 -1
170 107 115 -1
170 108 109 -1
170 108 116 1
170 109 110 -1
170 109 117 -1
170 110 111 1
170 110 118 1
170 111 119 -1
170 112 113 1
170 112 119 -1
170 112 120 1
170 113 114 1
170 113 121 -1
170 114 115 1
170 114 122 -1
170 115 116 1
170 115 123 1
170 116 117 -1
170 116 124 -1
170 117 118 -1
170 117 125 1
170 118 119 1
170 118 126 -1
170 119 127 1
170 120 121 -1
170 120 127 -1
170 120 128 1
170 121 122 1
170 121 129 1
170 122 123 1
170 122 130 1
170 123 124 1
170 123 131 1
170 124 125 1
170 124 132 -1
170 125 126 -1
170 125 133 1
170 126 127 -1
170 126 134 -1
170 127 135 1
170 128 129 -1
170 128 135 1
170 128 136 -1
170 129 130 1
170 129 137 1
170 130 131 1
170 130 138 1
170 131 132 1
170 131 139 1
170 132 133 -1
170 132 140 1
170 133 134 1
170 133 141 -1
170 134 135 1
170 134 142 1
170 135 143 -1
170 136 137 -1
170 136 143 1
170 136 144 -1
170 137 138 -1
170 137 145 -1
170 138 139 1
170 138 146 -1
170 139 140 -1
170 139 147 1
170 140 141 1
170 140 148 -1
170 141 142 1
170 141 149 -1
170 142 143 1
170 142 150 1
170 143 151 1
170 144 145 1
170 144 151 -1
170 144 152 -1
170 145 146 -1
170 145 153 1
170 146 147 1
170 146 154 1
170 147 148 1
170 147 155 -1
170 148 149 -1
170 148 156 1
170 149 150 1
170 149 157 -1
170 150 151 1
170 150 158 1
170 151 159 -1
170 152 153 1
170 152 159 1
170 152 160 -1
170 153 154 1
170 153 161 1
170 154 155 -1
170 154 162 -1
170 155 156 -1
170 155 163 -1
170 156 157 -1
170 156 164 -1
170 157 158 -1
170 157 165 1
170 158 159 -1
170 158 166 -1
170 159 167 1
170 160 161 1
170 160 167 1
170 160 168 1
170 161 162 1
170 161 169 -1
170 162 163 1
170 162 170 1
170 163 164 -1
170 163 171 -1
170 164 165 1
170 164 172 -1
170 165 166 -1
170 165 173 -1
170 166 167 1
170 166 174 -1
170 167 175 1
170 168 169 1
170 168 175 -1
170 168 176 1
170 169 170 -1
170 169 177 -1
170 170 171 1
170 170 178 -1
170 171 172 1
170 171 179 -1
170 172 173 1
170 172 180 1
170 173 174 -1
170 173 181 1
170 174 175 1
170 174 182 -1
170 175 183 -1
170 176 177 1
170 176 183 -1
170 176 184 1
170 177 178 -1
170 177 185 -1
170 178 179 -1
170 178 186 1
170 179 180 1
170 179 187 1
170 180 181 1
170 180 188 1
170 181 182 1
170 181 189 1
170 182 183 -1
170 182 190 1
170 183 191 -1
170 184 185 -1
170 184 191 -1
170 184 192 1
170 185 186 1
170 185 193 1
170 186 187 1
170 186 194 1
170 187 188 1
170 187 195 1
170 188 189 -1
170 188 196 -1
170 189 190 1
170 189 197 -1
170 190 191 -1
170 190 198 1
170 191 199 -1
170 192 193 1
170 192 199 -1
170 192 200 1
170 193 194 -1
170 193 201 1
170 194 195 -1
170 194 202 1
170 195 196 -1
170 195 203 -1
170 196 197 1
170 196 204 -1
170 197 198 -1
170 197 205 1
170 198 199 1
170 198 206 -1
170 199 207 -1
170 200 201 -1
170 200 207 1
170 200 208 -1
170 201 202 -1
170 201 209 1
170 202 203 -1
170 202 210 -1
170 203 204 1
170 203 211 -1
170 204 205 1
170 204 212 1
170 205 206 -1
170 205 213 1
170 206 207 1
170 206 214 -1
170 207 215 1
170 208 209 1
170 208 215 1
170 208 216 -1
170 209 210 -1
170 209 217 1
170 210 211 1
170 210 218 1
170 211 212 1
170 211 219 1
170 212 213 1
170 212 220 -1
170 213 214 -1
170 213 221 1
170 214 215 -1
170 214 222 1
170 215 223 -1
170 216 217 -1
170 216 223 -1
170 216 224 -1
170 217 218 1
170 217 225 1
170 218 219 1
170 218 226 -1
170 219 220 1
170 219 227 -1
170 220 221 1
170 220 228 -1
170 221 222 1
170 221 229 1
170 222 223 -1
170 222 230 1
170 223 231 -1
170 224 225 -1
170 224 231 1
170 224 232 -1
170 225 226 1
170 225 233 1
170 226 227 1
170 226 234 -1
170 227 228 -1
170 227 235 1
170 228 229 -1
170 228 236 -1
170 229 230 -1
170 229 237 -1
170 230 231 1
170 230 238 -1
170 231 239 1
170 232 233 -1
170 232 239 1
170 232 240 1
170 233 234 -1
170 233 241 1
170 234 235 -1
170 234 242 1
170 235 236 -1
170 235 243 -1
170 236 237 1
170 236 244 -1
170 237 238 1
170 237 245 1
170 238 239 1
170 238 246 1
170 239 247 1
170 240 241 1
170 240 247 -1
170 240 248 1
170 241 242 -1
170 241 249 -1
170 242 243 -1
170 242 250 -1
170 243 244 -1
170 243 251 -1
170 244 245 -1
170 244 252 -1
170 245 246 1
170 245 253 1
170 246 247 1
170 246 254 -1
170 247 255 -1
170 248 249 1
170 248 255 -1
170 248 256 1
170 249 250 1
170 249 257 1
170 250 251 1
170 250 258 -1
170 251 252 -1
170 251 259 -1
170 252 253 1
170 252 260 -1
170 253 254 1
170 253 261 1
170 254 255 -1
170 254 262 -1
170 255 263 -1
170 256 257 1
170 256 263 -1
170 256 264 -1
170 257 258 1
170 257 265 -1
170 258 259 1
170 258 266 1
170 259 260 1
170 259 267 1
170 260 261 -1
170 260 268 1
170 261 262 -1
170 261 269 -1
170 262 263 1
170 262 270 -1
170 263 271 -1
170 264 265 -1
170 264 271 -1
170 264 272 1
170 265 266 1
170 265 273 -1
170 266 267 1
170 266 274 1
170 267 268 -1
170 267 275 -1
170 268 269 1
170 268 276 -1
170 269 270 1
170 269 277 -1
170 270 271 -1
170 270 278 1
170 271 279 -1
170 272 273 -1
170 272 279 1
170 272 280 1
170 273 274 1
170 273 281 1
170 274 275 1
170 274 282 -1
170 275 276 1
170 275 283 -1
170 276 277 -1
170 276 284 -1
170 277 278 1
170 277 285 1
170 278 279 1
170 278 286 -1
170 279 287 1
170 280 281 -1
170 280 287 -1
170 280 288 1
170 281 282 -1
170 281 289 -1
170 282 283 -1
170 282 290 1
170 283 284 1
170 283 291 -1
170 284 285 1
170 284 292 1
170 285 286 1
170 285 293 -1
170 286 287 1
170 286 294 1
170 287 295 1
170 288 289 1
170 288 295 1
170 288 296 1
170 289 290 1
170 289 297 -1
170 290 291 1
170 290 298 1
170 291 292 1
170 291 299 1
170 292 293 1
170 292 300 1
170 293 294 -1
170 293 301 1
170 294 295 -1
170 294 302 1
170 295 303 -1
170 296 297 1
170 296 303 -1
170 296 304 1
170 297 298 -1
170 297 305 1
170 298 299 1
170 298 306 1
170 299 300 -1
170 299 307 1
170 300 301 -1
170 300 308 -1
170 301 302 1
170 301 309 1
170 302 303 -1
170 302 310 -1
170 303 311 1
170 304 305 -1
170 304 311 -1
170 304 312 1
170 305 306 -1
170 305 313 -1
170 306 307 1
170 306 314 -1
170 307 308 1
170 307 315 -1
170 308 309 -1
170 308 316 -1
170 309 310 1
170 309 317 -1
170 310 311 1
170 310 318 1
170 311 319 -1
170 312 313 1
170 312 319 -1
170 312 320 1
170 313 314 1
170 313 321 -1
170 314 315 -1
170 314 322 1
170 315 316 1
170 315 323 -1
170 316 317 1
170 316 324 -1
170 317 318 -1
170 317 325 1
170 318 319 -1
170 318 326 1
170 319 327 1
170 320 321 -1
170 320 327 -1
170 320 328 1
170 321 322 -1
170 321 329 -1
170 322 323 1
170 322 330 1
170 323 324 -1
170 323 331 1
170 324 325 1
170 324 332 1
170 325 326 -1
170 325 333 1
170 326 327 1
170 326 334 1
170 327 335 1
170 328 329 1
170 328 335 -1
170 328 336 1
170 329 330 -1
170 329 337 1
170 330 331 1
170 330 338 1
170 331 332 -1
170 331 339 -1
170 332 333 -1
170 332 340 -1
170 333 334 1
170 333 341 -1
170 334 335 -1
170 334 342 -1
170 335 343 -1
170 336 337 -1
170 336 343 -1
170 336 344 -1
170 337 338 1
170 337 345 1
170 338 339 -1
170 338 346 -1
170 339 340 1
170 339 347 1
170 340 341 -1
170 340 348 -1
170 341 342 -1
170 341 349 -1
170 342 343 -1
170 342 350 1
170 343 351 1
170 344 345 -1
170 344 351 -1
170 344 352 -1
170 345 346 1
170 345 353 -1
170 346 347 -1
170 346 354 1
170 347 348 -1
170 347 355 1
170 348 349 -1
170 348 356 -1
170 349 350 -1
170 349 357 -1
170 350 351 -1
170 350 358 1
170 351 359 -1
170 352 353 1
170 352 359 1
170 352 360 1
170 353 354 -1
170 353 361 1
170 354 355 -1
170 354 362 1
170 355 356 1
170 355 363 1
170 356 357 1
170 356 364 -1
170 357 358 1
170 357 365 1
170 358 359 -1
170 358 366 -1
170 359 367 -1
170 360 361 -1
170 360 367 1
170 360 368 1
170 361 362 -1
170 361 369 1
170 362 363 1
170 362 370 -1
170 363 364 -1
170 363 371 -1
170 364 365 -1
170 364 372 -1
170 365 366 1
170 365 373 1
170 366 367 1
170 366 374 -1
170 367 375 -1
170 368 369 -1
170 368 375 1
170 368 376 1
170 369 370 -1
170 369 377 1
170 370 371 -1
170 370 378 1
170 371 372 1
170 371 379 -1
170 372 373 -1
170 372 380 1
170 373 374 -1
170 373 381 -1
170 374 375 1
170 374 382 -1
170 375 383 -1
170 376 377 1
170 376 383 -1
170 376 384 -1
170 377 378 1
170 377 385 -1
170 378 379 -1
170 378 386 -1
170 379 380 1
170 379 387 1
170 380 381 -1
170 380 388 1
170 381 382 -1
170 381 389 -1
170 382 383 -1
170 382 390 1
170 383 391 1
170 384 385 -1
170 384 391 -1
170 384 392 -1
170 385 386 1
170 385 393 -1
170 386 387 1
170 386 394 1
170 387 388 1
170 387 395 -1
170 388 389 -1
170 388 396 1
170 389 390 -1
170 389 397 -1
170 390 391 1
170 390 398 -1
170 391 399 1
170 392 393 1
170 392 399 -1
170 392 400 -1
170 393 394 1
170 393 401 -1
170 394 395 1
170 394 402 1
170 395 396 -1
170 395 403 -1
170 396 397 1
170 396 404 1
170 397 398 1
170 397 405 1
170 398 399 1
170 398 406 1
170 399 407 1
170 400 401 1
170 400 407 1
170 400 408 -1
170 401 402 -1
170 401 409 -1
170 402 403 1
170 402 410 1
170 403 404 -1
170 403 411 1
170 404 405 -1
170 404 412 -1
170 405 406 1
170 405 413 1
170 406 407 1
170 406 414 -1
170 407 415 1
170 408 409 1
170 408 415 1
170 408 416 1
170 409 410 1
170 409 417 -1
170 410 411 -1
170 410 418 1
170 411 412 1
170 411 419 1
170 412 413 1
170 412 420 1
170 413 414 -1
170 413 421 1
170 414 415 1
170 414 422 1
170 415 423 1
170 416 417 1
170 416 423 1
170 416 424 -1
170 417 418 -1
170 417 425 1
170 418 419 1
170 418 426 -1
170 419 420 -1
170 419 427 1
170 420 421 1
170 420 428 1
170 421 422 -1
170 421 429 -1
170 422 423 1
170 422 430 1
170 423 431 1
170 424 425 1
170 424 431 1
170 424 432 1
170 425 426 1
170 425 433 -1
170 426 427 1
170 426 434 -1
170 427 428 1
170 427 435 -1
170 428 429 1
170 428 436 1
170 429 430 -1
170 429 437 1
170 430 431 -1
170 430 438 1
170 431 439 1
170 432 433 1
170 432 439 -1
170 432 440 -1
170 433 434 1
170 433 441 1
170 434 435 1
170 434 442 -1
170 435 436 1
170 435 443 -1
170 436 437 1
170 436 444 -1
170 437 438 1
170 437 445 -1
170 438 439 1
170 438 446 1
170 439 447 1
170 440 441 -1
170 440 447 -1
170 440 448 1
170 441 442 1
170 441 449 -1
170 442 443 -1
170 442 450 1
170 443 444 1
170 443 451 -1
170 444 445 -1
170 444 452 1
170 445 446 -1
170 445 453 1
170 446 447 -1
170 446 454 -1
170 447 455 1
170 448 449 1
170 448 455 1
170 448 456 -1
170 449 450 -1
170 449 457 1
170 450 451 -1
170 450 458 1
170 451 452 -1
170 451 459 -1
170 452 453 1
170 452 460 1
170 453 454 -1
170 453 461 -1
170 454 455 1
170 454 462 -1
170 455 463 -1
170 456 457 1
170 456 463 -1
170 456 464 -1
170 457 458 -1
170 457 465 1
170 458 459 1
170 458 466 1
170 459 460 1
170 459 467 1
170 460 461 1
170 460 468 -1
170 461 462 1
170 461 469 1
170 462 463 1
170 462 470 -1
170 463 471 1
170 464 465 -1
170 464 471 -1
170 464 472 1
170 465 466 -1
170 465 473 -1
170 466 467 -1
170 466 474 1
170 467 468 -1
170 467 475 1
170 468 469 1
170 468 476 1
170 469 470 -1
170 469 477 -1
170 470 471 1
170 470 478 -1
170 471 479 1
170 472 473 1
170 472 479 1
170 472 480 1
170 473 474 1
170 473 481 1
170 474 475 1
170 474 482 1
170 475 476 1
170 475 483 -1
170 476 477 -1
170 476 484 1
170 477 478 1
170 477 485 1
170 478 479 1
170 478 486 -1
170 479 487 -1
170 480 481 1
170 480 487 1
170 480 488 -1
170 481 482 1
170 481 489 1
170 482 483 1
170 482 490 -1
170 483 484 -1
170 483 491 -1
170 484 485 -1
170 484 492 1
170 485 486 1
170 485 493 1
170 486 487 -1
170 486 494 1
170 487 495 -1
170 488 489 1
170 488 495 -1
170 488 496 -1
170 489 490 -1
170 489 497 1
170 490 491 -1
170 490 498 1
170 491 492 -1
170 491 499 1
170 492 493 1
170 492 500 -1
170 493 494 -1
170 493 501 -1
170 494 495 -1
170 494 502 -1
170 495 503 -1
170 496 497 1
170 496 503 -1
170 496 504 -1
170 497 498 -1
170 497 505 -1
170 498 499 1
170 498 506 1
170 499 500 1
170 499 507 -1
170 500 501 -1
170 500 508 1
170 501 502 1
170 501 509 -1
170 502 503 1
170 502 510 -1
170 503 511 -1
170 504 505 1
170 504 511 -1
170 504 512 -1
170 505 506 1
170 505 513 -1
170 506 507 1
170 506 514 -1
170 507 508 1
170 507 515 -1
170 508 509 1
170 508 516 1
170 509 510 -1
170 509 517 -1
170 510 511 -1
170 510 518 -1
170 511 519 1
170 512 513 1
170 512 519 -1
170 512 520 -1
170 513 514 -1
170 513 521 1
170 514 515 1
170 514 522 1
170 515 516 1
170 515 523 1
170 516 517 -1
170 516 524 -1
170 517 518 1
170 517 525 1
170 518 519 1
170 518 526 -1
170 519 527 -1
170 520 521 -1
170 520 527 -1
170 520 528 -1
170 521 522 -1
170 521 529 -1
170 522 523 -1
170 522 530 -1
170 523 524 -1
170 523 531 1
170 524 525 -1
170 524 532 -1
170 525 526 1
170 525 533 -1
170 526 527 1
170 526 534 1
170 527 535 1
170 528 529 1
170 528 535 1
170 528 536 -1
170 529 530 -1
170 529 537 -1
170 530 531 -1
170 530 538 -1
170 531 532 -1
170 531 539 -1
170 532 533 -1
170 532 540 1
170 533 534 -1
170 533 541 -1
170 534 535 -1
170 534 542 -1
170 535 543 1
170 536 537 -1
170 536 543 1
170 536 544 -1
170 537 538 -1
170 537 545 -1
170 538 539 1
170 538 546 -1
170 539 540 1
170 539 547 -1
170 540 541 1
170 540 548 1
170 541 542 -1
170 541 549 1
170 542 543 -1
170 542 550 1
170 543 551 -1
170 544 545 -1
170 544 551 -1
170 544 552 -1
170 545 546 -1
170 545 553 -1
170 546 547 -1
170 546 554 -1
170 547 548 -1
170 547 555 1
170 548 549 1
170 548 556 -1
170 549 550 1
170 549 557 -1
170 550 551 -1
170 550 558 -1
170 551 559 -1
170 552 553 -1
170 552 559 -1
170 552 560 1
170 553 554 1
170 553 561 1
170 554 555 1
170 554 562 1
170 555 556 -1
170 555 563 1
170 556 557 -1
170 556 564 -1
170 557 558 -1
170 557 565 1
170 558 559 -1
170 558 566 1
170 559 567 1
170 560 561 1
170 560 567 -1
170 560 568 -1
170 561 562 1
170 561 569 -1
170 562 563 1
170 562 570 -1
170 563 564 1
170 563 571 -1
170 564 565 -1
170 564 572 -1
170 565 566 -1
170 565 573 -1
170 566 567 -1
170 566 574 -1
170 567 575 1
170 568 569 -1
170 568 575 1
170 568 576 1
170 569 570 -1
170 569 577 1
170 570 571 -1
170 570 578 1
170 571 572 1
170 571 579 1
170 572 573 1
170 572 580 -1
170 573 574 1
170 573 581 1
170 574 575 1
170 574 582 1
170 575 583 1
170 576 577 -1
170 576 583 -1
170 576 584 -1
170 577 578 -1
170 577 585 -1
170 578 579 -1
170 578 586 -1
170 579 580 1
170 579 587 -1
170 580 581 -1
170 580 588 -1
170 581 582 1
170 581 589 1
170 582 583 1
170 582 590 1
170 583 591 1
170 584 585 1
170 584 591 1
170 584 592 1
170 585 586 1
170 585 593 1
170 586 587 -1
170 586 594 1
170 587 588 -1
170 587 595 1
170 588 589 -1
170 588 596 1
170 589 590 -1
170 589 597 1
170 590 591 -1
170 590 598 -1
170 591 599 1
170 592 593 1
170 592 599 -1
170 592 600 1
170 593 594 -1
170 593 601 -1
170 594 595 -1
170 594 602 -1
170 595 596 1
170 595 603 1
170 596 597 -1
170 596 604 1
170 597 598 -1
170 597 605 1
170 598 599 1
170 598 606 1
170 599 607 1
170 600 601 -1
170 600 607 1
170 600 608 -1
170 601 602 -1
170 601 609 1
170 602 603 -1
170 602 610 1
170 603 604 -1
170 603 611 1
170 604 605 -1
170 604 612 1
170 605 606 1
170 605 613 1
170 606 607 1
170 606 614 1
170 607 615 -1
170 608 609 1
170 608 615 1
170 608 616 -1
170 609 610 1
170 609 617 1
170 610 611 1
170 610 618 1
170 611 612 -1
170 611 619 -1
170 612 613 1
170 612 620 -1
170 613 614 1
170 613 621 -1
170 614 615 1
170 614 622 -1
170 615 623 1
170 616 617 -1
170 616 623 1
170 616 624 -1
170 617 618 1
170 617 625 1
170 618 619 1
170 618 626 1
170 619 620 -1
170 619 627 1
170 620 621 -1
170 620 628 1
170 621 622 -1
170 621 629 -1
170 622 623 -1
170 622 630 -1
170 623 631 1
170 624 625 -1
170 624 631 1
170 624 632 1
170 625 626 -1
170 625 633 1
170 626 627 -1
170 626 634 -1
170 627 628 1
170 627 635 1
170 628 629 1
170 628 636 -1
170 629 630 -1
170 629 637 -1
170 630 631 1
170 630 638 1
170 631 639 1
170 632 633 -1
170 632 639 1
170 632 640 -1
170 633 634 -1
170 633 641 1
170 634 635 1
170 634 642 1
170 635 636 -1
170 635 643 1
170 636 637 -1
170 636 644 -1
170 637 638 -1
170 637 645 -1
170 638 639 1
170 638 646 1
170 639 647 -1
170 640 641 -1
170 640 647 -1
170 640 648 -1
170 641 642 1
170 641 649 -1
170 642 643 -1
170 642 650 1
170 643 644 1
170 643 651 1
170 644 645 1
170 644 652 1
170 645 646 1
170 645 653 -1
170 646 647 1
170 646 654 -1
170 647 655 1
170 648 649 1
170 648 655 1
170 648 656 1
170 649 650 1
170 649 657 1
170 650 651 1
170 650 658 -1
170 651 652 -1
170 651 659 -1
170 652 653 -1
170 652 660 1
170 653 654 1
170 653 661 1
170 654 655 1
170 654 662 -1
170 655 663 1
170 656 657 1
170 656 663 1
170 656 664 1
170 657 658 1
170 657 665 1
170 658 659 1
170 658 666 -1
170 659 660 1
170 659 667 1
170 660 661 1
170 660 668 1
170 661 662 -1
170 661 669 -1
170 662 663 -1
170 662 670 1
170 663 671 -1
170 664 665 1
170 664 671 -1
170 664 672 1
170 665 666 -1
170 665 673 -1
170 666 667 -1
170 666 674 1
170 667 668 1
170 667 675 -1
170 668 669 1
170 668 676 -1
170 669 670 -1
170 669 677 1
170 670 671 -1
170 670 678 1
170 671 679 1
170 672 673 -1
170 672 679 1
170 672 680 -1
170 673 674 1
170 673 681 -1
170 674 675 1
170 674 682 -1
170 675 676 1
170 675 683 -1
170 676 677 1
170 676 684 -1
170 677 678 1
170 677 685 -1
170 678 679 -1
170 678 686 -1
170 679 687 -1
170 680 681 1
170 680 687 -1
170 680 688 1
170 681 682 1
170 681 689 -1
170 682 683 -1
170 682 690 1
170 683 684 -1
170 683 691 1
170 684 685 -1
170 684 692 1
170 685 686 -1
170 685 693 1
170 686 687 1
170 686 694 -1
170 687 695 -1
170 688 689 1
170 688 695 -1
170 688 696 1
170 689 690 -1
170 689 697 1
170 690 691 1
170 690 698 -1
170 691 692 1
170 691 699 1
170 692 693 -1
170 692 700 -1
170 693 694 1
170 693 701 -1
170 694 695 1
170 694 702 -1
170 695 703 -1
170 696 697 1
170 696 703 -1
170 696 704 1
170 697 698 -1
170 697 705 -1
170 698 699 -1
170 698 706 1
170 699 700 -1
170 699 707 1
170 700 701 1
170 700 708 1
170 701 702 1
170 701 709 1
170 702 703 1
170 702 710 -1
170 703 711 -1
170 704 705 -1
170 704 711 1
170 704 712 1
170 705 706 -1
170 705 713 -1
170 706 707 1
170 706 714 -1
170 707 708 1
170 707 715 1
170 708 709 -1
170 708 716 1
170 709 710 1
170 709 717 -1
170 710 711 1
170 710 718 1
170 711 719 -1
170 712 713 -1
170 712 719 1
170 712 720 -1
170 713 714 1
170 713 721 1
170 714 715 1
170 714 722 -1
170 715 716 1
170 715 723 -1
170 716 717 -1
170 716 724 1
170 717 718 1
170 717 725 1
170 718 719 -1
170 718 726 -1
170 719 727 -1
170 720 721 -1
170 720 727 1
170 720 728 -1
170 721 722 1
170 721 729 1
170 722 723 -1
170 722 730 1
170 723 724 1
170 723 731 -1
170 724 725 1
170 724 732 1
170 725 726 1
170 725 733 1
170 726 727 1
170 726 734 1
170 727 735 1
170 728 729 1
170 728 735 -1
170 728 736 1
170 729 730 1
170 729 737 1
170 730 731 1
170 730 738 1
170 731 732 -1
170 731 739 1
170 732 733 -1
170 732 740 1
170 733 734 1
170 733 741 -1
170 734 735 -1
170 734 742 -1
170 735 743 1
170 736 737 1
170 736 743 -1
170 736 744 1
170 737 738 -1
170 737 745 1
170 738 739 1
170 738 746 1
170 739 740 -1
170 739 747 1
170 740 741 -1
170 740 748 1
170 741 742 -1
170 741 749 1
170 742 743 1
170 742 750 -1
170 743 751 1
170 744 745 1
170 744 751 -1
170 744 752 1
170 745 746 -1
170 745 753 -1
170 746 747 -1
170 746 754 1
170 747 748 -1
170 747 755 1
170 748 749 -1
170 748 756 1
170 749 750 1
170 749 757 -1
170 750 751 1
170 750 758 -1
170 751 759 1
170 752 753 1
170 752 759 1
170 752 760 1
170 753 754 -1
170 753 761 -1
170 754 755 1
170 754 762 1
170 755 756 -1
170 755 763 -1
170 756 757 -1
170 756 764 -1
170 757 758 -1
170 757 765 1
170 758 759 -1
170 758 766 1
170 759 767 1
170 760 761 1
170 760 767 1
170 760 768 1
170 761 762 -1
170 761 769 1
170 762 763 1
170 762 770 -1
170 763 764 -1
170 763 771 -1
170 764 765 -1
170 764 772 -1
170 765 766 1
170 765 773 -1
170 766 767 -1
170 766 774 -1
170 767 775 -1
170 768 769 1
170 768 775 1
170 768 776 -1
170 769 770 -1
170 769 777 1
170 770 771 1
170 770 778 1
170 771 772 -1
170 771 779 -1
170 772 773 1
170 772 780 -1
170 773 774 1
170 773 781 -1
170 774 775 1
170 774 782 1
170 775 783 1
170 776 777 1
170 776 783 1
170 776 784 1
170 777 778 -1
170 777 785 -1
170 778 779 1
170 778 786 1
170 779 780 1
170 779 787 -1
170 780 781 -1
170 780 788 1
170 781 782 -1
170 781 789 1
170 782 783 -1
170 782 790 -1
170 783 791 1
170 784 785 1
170 784 791 1
170 784 792 -1
170 785 786 -1
170 785 793 -1
170 786 787 -1
170 786 794 1
170 787 788 -1
170 787 795 1
170 788 789 1
170 788 796 1
170 789 790 -1
170 789 797 1
170 790 791 -1
170 790 798 -1
170 791 799 1
170 792 793 -1
170 792 799 -1
170 793 794 -1
170 794 795 -1
170 795 796 -1
170 796 797 -1
170 797 798 -1
170 798 799 -1
