170 0 4 4 16
170 1 4 4 16
170 2 4 4 16
170 3 4 4 16
170 4 4 4 16
170 5 4 4 16
170 6 4 4 16
170 7 4 4 16
170 8 4 4 16
170 9 4 4 16
170 10 4 4 16
170 11 4 4 16
170 12 4 4 16
170 13 4 4 16
170 14 4 4 16
170 15 4 4 16
170 16 4 4 16
170 17 4 4 16
170 18 4 4 16
170 19 4 4 16
170 20 4 4 16
170 21 4 4 16
170 22 4 4 16
170 23 4 4 16
170 24 4 4 16
170 25 4 4 16
170 26 4 4 16
170 27 4 4 16
170 28 4 4 16
170 29 4 4 16
170 30 4 4 16
170 31 4 4 16
170 32 4 4 16
170 33 4 4 16
170 34 4 4 16
170 35 4 4 16
170 36 4 4 16
170 37 4 4 16
170 38 4 4 16
170 39 4 4 16
170 40 4 4 16
170 41 4 4 16
170 42 4 4 16
170 43 4 4 16
170 44 4 4 16
170 45 4 4 16
170 46 4 4 16
170 47 4 4 16
170 48 4 4 16
170 49 4 4 16
170 50 4 4 16
170 51 4 4 16
170 52 4 4 16
170 53 4 4 16
170 54 4 4 16
170 55 4 4 16
170 56 4 4 16
170 57 4 4 16
170 58 4 4 16
170 59 4 4 16
170 60 4 4 16
170 61 4 4 16
170 62 4 4 16
170 63 4 4 16
170 64 4 4 16
170 65 4 4 16
170 66 4 4 16
170 67 4 4 16
170 68 4 4 16
170 69 4 4 16
170 70 4 4 16
170 71 4 4 16
170 72 4 4 16
170 73 4 4 16
170 74 4 4 16
170 75 4 4 16
170 76 4 4 16
170 77 4 4 16
170 78 4 4 16
170 79 4 4 16
170 80 4 4 16
170 81 4 4 16
170 82 4 4 16
170 83 4 4 16
170 84 4 4 16
170 85 4 4 16
170 86 4 4 16
170 87 4 4 16
170 88 4 4 16
170 89 4 4 16
170 90 4 4 16
170 91 4 4 16
170 92 4 4 16
170 93 4 4 16
170 94 4 4 16
170 95 4 4 16
170 96 4 4 16
170 97 4 4 16
170 98 4 4 16
170 99 4 4 16
170 100 4 4 16
170 101 4 4 16
170 102 4 4 16
170 103 4 4 16
170 104 4 4 16
170 105 4 4 16
170 106 4 4 16
170 107 4 4 16
170 108 4 4 16
170 109 4 4 16
170 110 4 4 16
170 111 4 4 16
170 112 4 4 16
170 113 4 4 16
170 114 4 4 16
170 115 4 4 16
170 116 4 4 16
170 117 4 4 16
170 118 4 4 16
170 119 4 4 16
170 120 4 4 16
170 121 4 4 16
170 122 4 4 16
170 123 4 4 16
170 124 4 4 16
170 125 4 4 16
170 126 4 4 16
170 127 4 4 16
170 128 4 4 16
170 129 4 4 16
170 130 4 4 16
170 131 4 4 16
170 132 4 4 16
170 133 4 4 16
170 134 4 4 16
170 135 4 4 16
170 136 4 4 16
170 137 4 4 16
170 138 4 4 16
170 139 4 4 16
170 140 4 4 16
170 141 4 4 16
170 142 4 4 16
170 143 4 4 16
170 144 4 4 16
170 145 4 4 16
170 146 4 4 16
170 147 4 4 16
170 148 4 4 16
170 149 4 4 16
170 150 4 4 16
170 151 4 4 16
170 152 4 4 16
170 153 4 4 16
170 154 4 4 16
170 155 4 4 16
170 156 4 4 16
170 157 4 4 16
170 158 4 4 16
170 159 4 4 16
170 160 4 4 16
170 161 4 4 16
170 162 4 4 16
170 163 4 4 16
170 164 4 4 16
170 165 4 4 16
170 166 4 4 16
170 167 4 4 16
170 168 4 4 16
170 169 4 4 16
170 170 4 4 16
170 171 4 4 16
170 172 4 4 16
170 173 4 4 16
170 174 4 4 16
170 175 4 4 16
170 176 4 4 16
170 177 4 4 16
170 178 4 4 16
170 179 4 4 16
170 180 4 4 16
170 181 4 4 16
170 182 4 4 16
170 183 4 4 16
170 184 4 4 16
170 185 4 4 16
170 186 4 4 16
170 187 4 4 16
170 188 4 4 16
170 189 4 4 16
170 190 4 4 16
170 191 4 4 16
170 192 4 4 16
170 193 4 4 16
170 194 4 4 16
170 195 4 4 16
170 196 4 4 16
170 197 4 4 16
170 198 4 4 16
170 199 4 4 16
170 200 4 4 16
170 201 4 4 16
170 202 4 4 16
170 203 4 4 16
170 204 4 4 16
170 205 4 4 16
170 206 4 4 16
170 207 4 4 16
170 208 4 4 16
170 209 4 4 16
170 210 4 4 16
170 211 4 4 16
170 212 4 4 16
170 213 4 4 16
170 214 4 4 16
170 215 4 4 16
170 216 4 4 16
170 217 4 4 16
170 218 4 4 16
170 219 4 4 16
170 220 4 4 16
170 221 4 4 16
170 222 4 4 16
170 223 4 4 16
170 224 4 4 16
170 225 4 4 16
170 226 4 4 16
170 227 4 4 16
170 228 4 4 16
170 229 4 4 16
170 230 4 4 16
170 231 4 4 16
170 232 4 4 16
170 233 4 4 16
170 234 4 4 16
170 235 4 4 16
170 236 4 4 16
170 237 4 4 16
170 238 4 4 16
170 239 4 4 16
170 240 4 4 16
170 241 4 4 16
170 242 4 4 16
170 243 4 4 16
170 244 4 4 16
170 245 4 4 16
170 246 4 4 16
170 247 4 4 16
170 248 4 4 16
170 249 4 4 16
170 250 4 4 16
170 251 4 4 16
170 252 4 4 16
170 253 4 4 16
170 254 4 4 16
170 255 4 4 16
170 256 4 4 16
170 257 4 4 16
170 258 4 4 16
170 259 4 4 16
170 260 4 4 16
170 261 4 4 16
170 262 4 4 16
170 263 4 4 16
170 264 4 4 16
170 265 4 4 16
170 266 4 4 16
170 267 4 4 16
170 268 4 4 16
170 269 4 4 16
170 270 4 4 16
170 271 4 4 16
170 272 4 4 16
170 273 4 4 16
170 274 4 4 16
170 275 4 4 16
170 276 4 4 16
170 277 4 4 16
170 278 4 4 16
170 279 4 4 16
170 280 4 4 16
170 281 4 4 16
170 282 4 4 16
170 283 4 4 16
170 284 4 4 16
170 285 4 4 16
170 286 4 4 16
170 287 4 4 16
170 288 4 4 16
170 289 4 4 16
170 290 4 4 16
170 291 4 4 16
170 292 4 4 16
170 293 4 4 16
170 294 4 4 16
170 295 4 4 16
170 296 4 4 16
170 297 4 4 16
170 298 4 4 16
170 299 4 4 16
170 300 4 4 16
170 301 4 4 16
170 302 4 4 16
170 303 4 4 16
170 304 4 4 16
170 305 4 4 16
170 306 4 4 16
170 307 4 4 16
170 308 4 4 16
170 309 4 4 16
170 310 4 4 16
170 311 4 4 16
170 312 4 4 16
170 313 4 4 16
170 314 4 4 16
170 315 4 4 16
170 316 4 4 16
170 317 4 4 16
170 318 4 4 16
170 319 4 4 16
170 320 4 4 16
170 321 4 4 16
170 322 4 4 16
170 323 4 4 16
170 324 4 4 16
170 325 4 4 16
170 326 4 4 16
170 327 4 4 16
170 328 4 4 16
170 329 4 4 16
170 330 4 4 16
170 331 4 4 16
170 332 4 4 16
170 333 4 4 16
170 334 4 4 16
170 335 4 4 16
170 336 4 4 16
170 337 4 4 16
170 338 4 4 16
170 339 4 4 16
170 340 4 4 16
170 341 4 4 16
170 342 4 4 16
170 343 4 4 16
170 344 4 4 16
170 345 4 4 16
170 346 4 4 16
170 347 4 4 16
170 348 4 4 16
170 349 4 4 16
170 350 4 4 16
170 351 4 4 16
170 352 4 4 16
170 353 4 4 16
170 354 4 4 16
170 355 4 4 16
170 356 4 4 16
170 357 4 4 16
170 358 4 4 16
170 359 4 4 16
170 360 4 4 16
170 361 4 4 16
170 362 4 4 16
170 363 4 4 16
170 364 4 4 16
170 365 4 4 16
170 366 4 4 16
170 367 4 4 16
170 368 4 4 16
170 369 4 4 16
170 370 4 4 16
170 371 4 4 16
170 372 4 4 16
170 373 4 4 16
170 374 4 4 16
170 375 4 4 16
170 376 4 4 16
170 377 4 4 16
170 378 4 4 16
170 379 4 4 16
170 380 4 4 16
170 381 4 4 16
170 382 4 4 16
170 383 4 4 16
170 384 4 4 16
170 385 4 4 16
170 386 4 4 16
170 387 4 4 16
170 388 4 4 16
170 389 4 4 16
170 390 4 4 16
170 391 4 4 16
170 392 4 4 16
170 393 4 4 16
170 394 4 4 16
170 395 4 4 16
170 396 4 4 16
170 397 4 4 16
170 398 4 4 16
170 399 4 4 16
170 400 4 4 16
170 401 4 4 16
170 402 4 4 16
170 403 4 4 16
170 404 4 4 16
170 405 4 4 16
170 406 4 4 16
170 407 4 4 16
170 408 4 4 16
170 409 4 4 16
170 410 4 4 16
170 411 4 4 16
170 412 4 4 16
170 413 4 4 16
170 414 4 4 16
170 415 4 4 16
170 416 4 4 16
170 417 4 4 16
170 418 4 4 16
170 419 4 4 16
170 420 4 4 16
170 421 4 4 16
170 422 4 4 16
170 423 4 4 16
170 424 4 4 16
170 425 4 4 16
170 426 4 4 16
170 427 4 4 16
170 428 4 4 16
170 429 4 4 16
170 430 4 4 16
170 431 4 4 16
170 432 4 4 16
170 433 4 4 16
170 434 4 4 16
170 435 4 4 16
170 436 4 4 16
170 437 4 4 16
170 438 4 4 16
170 439 4 4 16
170 440 4 4 16
170 441 4 4 16
170 442 4 4 16
170 443 4 4 16
170 444 4 4 16
170 445 4 4 16
170 446 4 4 16
170 447 4 4 16
170 448 4 4 16
170 449 4 4 16
170 450 4 4 16
170 451 4 4 16
170 452 4 4 16
170 453 4 4 16
170 454 4 4 16
170 455 4 4 16
170 456 4 4 16
170 457 4 4 16
170 458 4 4 16
170 459 4 4 16
170 460 4 4 16
170 461 4 4 16
170 462 4 4 16
170 463 4 4 16
170 464 4 4 16
170 465 4 4 16
170 466 4 4 16
170 467 4 4 16
170 468 4 4 16
170 469 4 4 16
170 470 4 4 16
170 471 4 4 16
170 472 4 4 16
170 473 4 4 16
170 474 4 4 16
170 475 4 4 16
170 476 4 4 16
170 477 4 4 16
170 478 4 4 16
170 479 4 4 16
170 480 4 4 16
170 481 4 4 16
170 482 4 4 16
170 483 4 4 16
170 484 4 4 16
170 485 4 4 16
170 486 4 4 16
170 487 4 4 16
170 488 4 4 16
170 489 4 4 16
170 490 4 4 16
170 491 4 4 16
170 492 4 4 16
170 493 4 4 16
170 494 4 4 16
170 495 4 4 16
170 496 4 4 16
170 497 4 4 16
170 498 4 4 16
170 499 4 4 16
170 500 4 4 16
170 501 4 4 16
170 502 4 4 16
170 503 4 4 16
170 504 4 4 16
170 505 4 4 16
170 506 4 4 16
170 507 4 4 16
170 508 4 4 16
170 509 4 4 16
170 510 4 4 16
170 511 4 4 16
170 512 4 4 16
170 513 4 4 16
170 514 4 4 16
170 515 4 4 16
170 516 4 4 16
170 517 4 4 16
170 518 4 4 16
170 519 4 4 16
170 520 4 4 16
170 521 4 4 16
170 522 4 4 16
170 523 4 4 16
170 524 4 4 16
170 525 4 4 16
170 526 4 4 16
170 527 4 4 16
170 528 4 4 16
170 529 4 4 16
170 530 4 4 16
170 531 4 4 16
170 532 4 4 16
170 533 4 4 16
170 534 4 4 16
170 535 4 4 16
170 536 4 4 16
170 537 4 4 16
170 538 4 4 16
170 539 4 4 16
170 540 4 4 16
170 541 4 4 16
170 542 4 4 16
170 543 4 4 16
170 544 4 4 16
170 545 4 4 16
170 546 4 4 16
170 547 4 4 16
170 548 4 4 16
170 549 4 4 16
170 550 4 4 16
170 551 4 4 16
170 552 4 4 16
170 553 4 4 16
170 554 4 4 16
170 555 4 4 16
170 556 4 4 16
170 557 4 4 16
170 558 4 4 16
170 559 4 4 16
170 560 4 4 16
170 561 4 4 16
170 562 4 4 16
170 563 4 4 16
170 564 4 4 16
170 565 4 4 16
170 566 4 4 16
170 567 4 4 16
170 568 4 4 16
170 569 4 4 16
170 570 4 4 16
170 571 4 4 16
170 572 4 4 16
170 573 4 4 16
170 574 4 4 16
170 575 4 4 16
170 576 4 4 16
170 577 4 4 16
170 578 4 4 16
170 579 4 4 16
170 580 4 4 16
170 581 4 4 16
170 582 4 4 16
170 583 4 4 16
170 584 4 4 16
170 585 4 4 16
170 586 4 4 16
170 587 4 4 16
170 588 4 4 16
170 589 4 4 16
170 590 4 4 16
170 591 4 4 16
170 592 4 4 16
170 593 4 4 16
170 594 4 4 16
170 595 4 4 16
170 596 4 4 16
170 597 4 4 16
170 598 4 4 16
170 599 4 4 16
170 600 4 4 16
170 601 4 4 16
170 602 4 4 16
170 603 4 4 16
170 604 4 4 16
170 605 4 4 16
170 606 4 4 16
170 607 4 4 16
170 608 4 4 16
170 609 4 4 16
170 610 4 4 16
170 611 4 4 16
170 612 4 4 16
170 613 4 4 16
170 614 4 4 16
170 615 4 4 16
170 616 4 4 16
170 617 4 4 16
170 618 4 4 16
170 619 4 4 16
170 620 4 4 16
170 621 4 4 16
170 622 4 4 16
170 623 4 4 16
170 624 4 4 16
170 625 4 4 16
170 626 4 4 16
170 627 4 4 16
170 628 4 4 16
170 629 4 4 16
170 630 4 4 16
170 631 4 4 16
170 632 4 4 16
170 633 4 4 16
170 634 4 4 16
170 635 4 4 16
170 636 4 4 16
170 637 4 4 16
170 638 4 4 16
170 639 4 4 16
170 640 4 4 16
170 641 4 4 16
170 642 4 4 16
170 643 4 4 16
170 644 4 4 16
170 645 4 4 16
170 646 4 4 16
170 647 4 4 16
170 648 4 4 16
170 649 4 4 16
170 650 4 4 16
170 651 4 4 16
170 652 4 4 16
170 653 4 4 16
170 654 4 4 16
170 655 4 4 16
170 656 4 4 16
170 657 4 4 16
170 658 4 4 16
170 659 4 4 16
170 660 4 4 16
170 661 4 4 16
170 662 4 4 16
170 663 4 4 16
170 664 4 4 16
170 665 4 4 16
170 666 4 4 16
170 667 4 4 16
170 668 4 4 16
170 669 4 4 16
170 670 4 4 16
170 671 4 4 16
170 672 4 4 16
170 673 4 4 16
170 674 4 4 16
170 675 4 4 16
170 676 4 4 16
170 677 4 4 16
170 678 4 4 16
170 679 4 4 16
170 680 4 4 16
170 681 4 4 16
170 682 4 4 16
170 683 4 4 16
170 684 4 4 16
170 685 4 4 16
170 686 4 4 16
170 687 4 4 16
170 688 4 4 16
170 689 4 4 16
170 690 4 4 16
170 691 4 4 16
170 692 4 4 16
170 693 4 4 16
170 694 4 4 16
170 695 4 4 16
170 696 4 4 16
170 697 4 4 16
170 698 4 4 16
170 699 4 4 16
170 700 4 4 16
170 701 4 4 16
170 702 4 4 16
170 703 4 4 16
170 704 4 4 16
170 705 4 4 16
170 706 4 4 16
170 707 4 4 16
170 708 4 4 16
170 709 4 4 16
170 710 4 4 16
170 711 4 4 16
170 712 4 4 16
170 713 4 4 16
170 714 4 4 16
170 715 4 4 16
170 716 4 4 16
170 717 4 4 16
170 718 4 4 16
170 719 4 4 16
170 720 4 4 16
170 721 4 4 16
170 722 4 4 16
170 723 4 4 16
170 724 4 4 16
170 725 4 4 16
170 726 4 4 16
170 727 4 4 16
170 728 4 4 16
170 729 4 4 16
170 730 4 4 16
170 731 4 4 16
170 732 4 4 16
170 733 4 4 16
170 734 4 4 16
170 735 4 4 16
170 736 4 4 16
170 737 4 4 16
170 738 4 4 16
170 739 4 4 16
170 740 4 4 16
170 741 4 4 16
170 742 4 4 16
170 743 4 4 16
170 744 4 4 16
170 745 4 4 16
170 746 4 4 16
170 747 4 4 16
170 748 4 4 16
170 749 4 4 16
170 750 4 4 16
170 751 4 4 16
170 752 4 4 16
170 753 4 4 16
170 754 4 4 16
170 755 4 4 16
170 756 4 4 16
170 757 4 4 16
170 758 4 4 16
170 759 4 4 16
170 760 4 4 16
170 761 4 4 16
170 762 4 4 16
170 763 4 4 16
170 764 4 4 16
170 765 4 4 16
170 766 4 4 16
170 767 4 4 16
170 768 4 4 16
170 769 4 4 16
170 770 4 4 16
170 771 4 4 16
170 772 4 4 16
170 773 4 4 16
170 774 4 4 16
170 775 4 4 16
170 776 4 4 16
170 777 4 4 16
170 778 4 4 16
170 779 4 4 16
170 780 4 4 16
170 781 4 4 16
170 782 4 4 16
170 783 4 4 16
170 784 4 4 16
170 785 4 4 16
170 786 4 4 16
170 787 4 4 16
170 788 4 4 16
170 789 4 4 16
170 790 4 4 16
170 791 4 4 16
170 792 4 4 16
170 793 4 4 16
170 794 4 4 16
170 795 4 4 16
170 796 4 4 16
170 797 4 4 16
170 798 4 4 16
170 799 4 4 16
