0 3
1 3
2 2
3 3
4 0
5 3
6 3
7 3
8 2
9 2
10 2
11 2
12 3
13 2
14 2
15 2
16 1
17 3
18 3
19 3
20 2
21 2
22 1
23 3
24 1
25 3
26 3
27 2
28 3
29 1
30 3
31 0
32 3
33 2
34 2
35 3
36 3
37 3
38 3
39 3
40 3
41 0
42 3
43 1
44 3
45 2
46 3
47 2
48 0
49 3
50 3
51 2
52 2
53 2
54 2
55 3
56 3
57 3
58 3
59 3
60 3
61 0
62 3
63 3
64 0
65 3
66 3
67 3
68 3
69 3
70 3
71 3
72 3
73 3
74 3
75 3
76 3
77 3
78 3
79 3
80 3
81 3
82 3
83 3
84 3
85 3
86 3
87 3
88 3
89 3
90 3
91 3
92 3
93 3
94 3
95 3
96 3
97 3
98 3
99 3
100 3
101 3
102 3
103 3
104 3
105 3
106 3
107 3
108 3
109 3
110 3
111 3
112 3
113 3
114 3
115 3
116 3
117 3
118 3
119 3
120 3
121 3
122 1
123 2
124 1
125 3
126 0
127 3
128 2
129 3
130 3
131 3
132 1
133 0
134 1
135 3
136 2
137 2
138 1
139 3
140 3
141 3
142 3
143 1
144 1
145 3
146 3
147 2
148 3
149 2
150 2
151 1
152 0
153 0
154 0
155 1
156 0
157 3
158 0
159 2
160 0
161 1
162 0
163 3
164 2
165 3
166 1
167 2
168 2
169 1
170 3
171 3
172 2
173 0
174 1
175 3
176 3
177 1
178 0
179 2
180 2
181 3
182 3
183 3
184 3
185 3
186 3
187 3
188 3
189 3
190 2
191 3
192 1
193 2
194 0
195 0
196 2
197 2
198 2
199 2
200 3
201 2
202 3
203 3
204 1
205 3
206 3
207 3
208 1
209 3
210 3
211 3
212 3
213 3
214 3
215 3
216 3
217 3
218 3
219 1
220 3
221 3
222 3
223 3
224 3
225 1
226 3
227 3
228 3
229 3
230 1
231 1
232 3
233 3
234 3
235 3
236 3
237 3
238 3
239 3
240 3
241 3
242 2
243 2
244 3
245 2
246 2
247 1
248 3
249 2
250 2
251 2
252 3
253 2
254 2
255 1
256 0
257 2
258 0
259 3
260 1
261 3
262 2
263 2
264 0
265 2
266 2
267 3
268 1
269 2
270 2
271 1
272 3
273 3
274 3
275 3
276 3
277 3
278 3
279 3
280 3
281 3
282 3
283 3
284 3
285 3
286 3
287 3
288 3
289 3
290 3
291 3
292 3
293 3
294 3
295 3
296 3
297 3
298 3
299 3
300 3
301 3
302 3
303 3
304 3
305 3
306 3
307 3
308 3
309 3
310 3
311 3
312 3
313 3
314 3
315 3
316 3
317 3
318 3
319 3
320 3
321 3
322 3
323 3
324 3
325 3
326 3
327 3
328 3
329 3
330 3
331 3
332 3
333 3
334 3
335 2
336 3
337 3
338 3
339 2
340 3
341 3
342 2
343 3
344 3
345 3
346 3
347 3
348 0
349 2
350 3
351 0
352 2
353 0
354 3
355 3
356 3
357 0
358 3
359 1
360 2
361 3
362 0
363 2
364 2
365 2
366 2
367 3
368 3
369 3
370 3
371 3
372 3
373 3
374 0
375 3
376 3
377 3
378 3
379 0
380 2
381 3
382 3
383 0
384 3
385 2
386 0
387 0
388 2
389 2
390 2
391 1
392 3
393 2
394 2
395 0
396 3
397 2
398 2
399 2
400 2
401 3
402 3
403 1
404 2
405 1
406 3
407 1