0 7 15 0.306122 1.28571 0.142857 0.142857 3 1 3 1
1 11 29 0.239669 2.63636 0.0909091 0.0909091 5 1 7 0
2 11 36 0.297521 3.27273 0.0909091 0.181818 7 2 7 1
3 18 37 0.114198 1.94444 0.0555556 0.222222 3 1 3 1
4 11 41 0.338843 3.72727 0.0909091 0.0909091 6 1 8 0
5 11 48 0.396694 4.36364 0.0909091 0.0909091 8 2 8 1
6 9 49 0.604938 4.44444 0.444444 0.444444 5 4 5 4
7 38 50 0.034626 1.31579 0.0263158 0.0526316 11 0 7 0
8 9 50 0.617284 4.66667 0.222222 0.222222 8 2 7 1
9 23 64 0.120983 2.65217 0.0434783 0.0434783 6 0 11 0
10 11 76 0.628099 6 0.272727 0.272727 10 3 9 2
11 24 81 0.140625 2.95833 0.0833333 0.0833333 8 0 10 0
12 73 96 0.0180146 1.30137 0.0136986 0.0136986 20 0 7 0
13 35 118 0.0963265 3.37143 0.0285714 0.0285714 10 0 18 0
14 72 122 0.023534 1.69444 0.0138889 0.0138889 5 0 17 0
15 33 135 0.123967 4.09091 0.030303 0.030303 12 0 10 0
16 53 149 0.0530438 2.73585 0.0188679 0.0188679 7 1 6 1
17 105 149 0.0135147 1.41905 0.0190476 0.00952381 5 0 4 0
18 30 180 0.2 5 0.133333 0.1 7 3 9 1
19 111 193 0.0156643 1.73874 0.00900901 0.00900901 6 0 47 0
20 105 210 0.0190476 2 1 0.142857 2 2 14 0
21 180 229 0.0070679 1.27222 0.00555556 0.00555556 24 0 7 0
22 87 238 0.031444 2.68966 0.0229885 0.0344828 8 1 6 1
23 80 232 0.03625 2.9 0.0375 0.1625 6 0 5 1
24 87 238 0.031444 2.68966 0.0229885 0.0344828 8 1 6 1
25 85 254 0.0351557 2.89412 0.117647 0.905882 5 1 3 1
26 59 312 0.0896294 5 0.0677966 0.322034 7 1 11 1
27 62 287 0.0746618 4.62903 0.016129 0.016129 15 2 15 2
28 54 291 0.0997942 4.38889 0.0185185 0.0185185 11 2 15 2
29 67 294 0.0654934 4.35821 0.134328 0.0746269 6 1 10 2
30 102 306 0.0294118 2 0.00980392 1 3 1 2 2
31 80 928 0.145 10.6 0.9 0.9 11 7 11 7
32 100 396 0.0396 2.96 0.48 0.96 5 1 3 2
33 137 411 0.0218978 2.62774 0.0291971 0.0218978 8 1 8 0
34 132 414 0.0237603 3.09091 0.030303 0.00757576 9 1 19 1
35 62 450 0.117066 6.25806 0.016129 0.016129 20 2 16 2
36 352 458 0.00369641 1.09091 0.00284091 0.00284091 5 0 43 0
37 452 460 0.00225155 1.0177 0.00221239 0.00221239 74 0 6 0
38 136 479 0.0258975 3.52206 0.669118 0.669118 4 1 4 1
39 131 536 0.0312336 3.23664 0.122137 0.00763359 10 0 12 0
40 207 572 0.0133492 2.72464 0.0144928 0.0966184 8 0 5 0
41 300 592 0.00657778 1.94667 0.0133333 0.946667 37 1 2 1
42 311 645 0.00666867 2.07395 0.00321543 0.00321543 13 0 20 0
43 953 645 0.000710189 0.67681 0.00104932 0.00104932 13 0 20 0
44 113 655 0.0512961 5 0.0176991 0.0176991 19 0 26 0
45 100 708 0.0708 6.42 0.03 0.03 40 1 36 1
46 200 796 0.0199 2.98 0.98 0.98 3 2 3 2
47 120 870 0.0604167 6.58333 0.1 0.1 25 1 21 1
48 163 935 0.0351914 4.7362 0.785276 0.0490798 5 2 7 1
49 185 1005 0.0293645 4.43243 0.162162 0.162162 6 2 6 2
50 104 992 0.091716 8.53846 0.846154 0.846154 9 5 9 5
51 183 1069 0.0319209 4.84153 0.00546448 0.00546448 71 1 104 0
52 183 1069 0.0319209 4.84153 0.00546448 0.00546448 71 1 104 0
53 638 1041 0.00255746 1.61599 0.0015674 0.0015674 48 0 27 0
54 183 1069 0.0319209 4.84153 0.00546448 0.00546448 71 1 104 0
55 183 1069 0.0319209 4.84153 0.00546448 0.00546448 71 1 104 0
56 200 1120 0.028 4.6 0.64 0.64 5 3 5 3
57 200 1120 0.028 4.6 0.64 0.64 5 3 5 3
58 238 1128 0.0199138 3.7395 0.756303 0.756303 4 2 4 2
59 400 1201 0.00750625 2.0025 0.0025 0.005 4 1 3 1
60 301 1384 0.0152758 3.60797 0.00332226 0.00332226 25 1 25 1
61 225 1308 0.025837 5.56444 0.217778 0.08 12 1 23 0
62 528 1317 0.00472409 2.01894 0.00378788 0.00378788 7 0 7 0
63 528 1317 0.00472409 2.01894 0.00378788 0.00378788 7 0 7 0
64 180 1503 0.0463889 7.4 0.00555556 0.00555556 162 1 162 1
65 430 1544 0.00835046 2.73953 0.00465116 0.00465116 12 0 12 0
66 430 1544 0.00835046 2.73953 0.00465116 0.00465116 12 0 12 0
67 430 1544 0.00835046 2.73953 0.00465116 0.00465116 12 0 12 0
68 430 1544 0.00835046 2.73953 0.00465116 0.00465116 12 0 12 0
69 430 1544 0.00835046 2.73953 0.00465116 0.00465116 12 0 12 0
70 430 1544 0.00835046 2.73953 0.00465116 0.00465116 12 0 12 0
71 430 1544 0.00835046 2.73953 0.00465116 0.00465116 12 0 12 0
72 430 1544 0.00835046 2.73953 0.00465116 0.00465116 12 0 12 0
73 430 1544 0.00835046 2.73953 0.00465116 0.00465116 12 0 12 0
74 430 1544 0.00835046 2.73953 0.00465116 0.00465116 12 0 12 0
75 430 1544 0.00835046 2.73953 0.00465116 0.00465116 12 0 12 0
76 430 1544 0.00835046 2.73953 0.00465116 0.00465116 12 0 12 0
77 430 1544 0.00835046 2.73953 0.00465116 0.00465116 12 0 12 0
78 430 1544 0.00835046 2.73953 0.00465116 0.00465116 12 0 12 0
79 430 1544 0.00835046 2.73953 0.00465116 0.00465116 12 0 12 0
80 430 1544 0.00835046 2.73953 0.00465116 0.00465116 12 0 12 0
81 430 1544 0.00835046 2.73953 0.00465116 0.00465116 12 0 12 0
82 430 1544 0.00835046 2.73953 0.00465116 0.00465116 12 0 12 0
83 430 1544 0.00835046 2.73953 0.00465116 0.00465116 12 0 12 0
84 430 1544 0.00835046 2.73953 0.00465116 0.00465116 12 0 12 0
85 430 1544 0.00835046 2.73953 0.00465116 0.00465116 12 0 12 0
86 430 1544 0.00835046 2.73953 0.00465116 0.00465116 12 0 12 0
87 430 1544 0.00835046 2.73953 0.00465116 0.00465116 12 0 12 0
88 430 1544 0.00835046 2.73953 0.00465116 0.00465116 12 0 12 0
89 430 1544 0.00835046 2.73953 0.00465116 0.00465116 12 0 12 0
90 430 1544 0.00835046 2.73953 0.00465116 0.00465116 12 0 12 0
91 430 1544 0.00835046 2.73953 0.00465116 0.00465116 12 0 12 0
92 430 1544 0.00835046 2.73953 0.00465116 0.00465116 12 0 12 0
93 430 1544 0.00835046 2.73953 0.00465116 0.00465116 12 0 12 0
94 430 1544 0.00835046 2.73953 0.00465116 0.00465116 12 0 12 0
95 430 1544 0.00835046 2.73953 0.00465116 0.00465116 12 0 12 0
96 430 1544 0.00835046 2.73953 0.00465116 0.00465116 12 0 12 0
97 430 1544 0.00835046 2.73953 0.00465116 0.00465116 12 0 12 0
98 430 1544 0.00835046 2.73953 0.00465116 0.00465116 12 0 12 0
99 430 1544 0.00835046 2.73953 0.00465116 0.00465116 12 0 12 0
100 430 1544 0.00835046 2.73953 0.00465116 0.00465116 12 0 12 0
101 430 1544 0.00835046 2.73953 0.00465116 0.00465116 12 0 12 0
102 430 1544 0.00835046 2.73953 0.00465116 0.00465116 12 0 12 0
103 430 1544 0.00835046 2.73953 0.00465116 0.00465116 12 0 12 0
104 430 1544 0.00835046 2.73953 0.00465116 0.00465116 12 0 12 0
105 430 1544 0.00835046 2.73953 0.00465116 0.00465116 12 0 12 0
106 430 1544 0.00835046 2.73953 0.00465116 0.00465116 12 0 12 0
107 430 1544 0.00835046 2.73953 0.00465116 0.00465116 12 0 12 0
108 430 1544 0.00835046 2.73953 0.00465116 0.00465116 12 0 12 0
109 430 1544 0.00835046 2.73953 0.00465116 0.00465116 12 0 12 0
110 430 1544 0.00835046 2.73953 0.00465116 0.00465116 12 0 12 0
111 430 1544 0.00835046 2.73953 0.00465116 0.00465116 12 0 12 0
112 430 1544 0.00835046 2.73953 0.00465116 0.00465116 12 0 12 0
113 430 1544 0.00835046 2.73953 0.00465116 0.00465116 12 0 12 0
114 430 1544 0.00835046 2.73953 0.00465116 0.00465116 12 0 12 0
115 430 1544 0.00835046 2.73953 0.00465116 0.00465116 12 0 12 0
116 430 1544 0.00835046 2.73953 0.00465116 0.00465116 12 0 12 0
117 430 1544 0.00835046 2.73953 0.00465116 0.00465116 12 0 12 0
118 430 1544 0.00835046 2.73953 0.00465116 0.00465116 12 0 12 0
119 430 1544 0.00835046 2.73953 0.00465116 0.00465116 12 0 12 0
120 430 1614 0.00872904 2.83256 0.00465116 0.00465116 12 1 12 0
121 682 1633 0.00351089 2.02053 0.00293255 0.00293255 8 1 8 1
122 682 1633 0.00351089 2.02053 0.00293255 0.00293255 8 1 8 1
123 1096 1677 0.00139609 1.53011 0.000912409 0.000912409 17 0 111 0
124 663 1687 0.00383785 2.53695 0.0015083 0.0844646 421 1 4 0
125 497 1727 0.00699165 3.46278 0.00603622 0.00201207 28 1 55 1
126 90 1746 0.215556 18.6 0.2 0.2 89 1 21 18
127 496 1859 0.00755642 3.74798 0.818548 0.818548 4 1 4 1
128 479 1910 0.00832458 3.97077 0.00417537 0.00208768 12 1 35 1
129 512 2192 0.00836182 3.28125 0.421875 0.421875 4 1 4 1
130 500 1996 0.007984 2.992 0.496 0.992 5 1 3 2
131 381 2157 0.0148594 5.65879 0.0131234 0.0131234 25 1 49 1
132 680 2646 0.00572232 2.89118 0.0558824 0.0544118 7 0 13 0
133 340 2196 0.0189965 5.65882 0.0529412 0.0529412 89 1 21 0
134 240 3762 0.0653125 14.675 0.15 0.15 20 8 20 8
135 297 2345 0.0265846 7.89562 0.003367 0.003367 39 0 134 0
136 600 2400 0.00666667 3.99667 0.996667 0.996667 4 3 4 3
137 367 2417 0.017945 5.58583 0.013624 0.013624 8 2 8 2
138 680 2646 0.00572232 2.89118 0.0558824 0.0544118 7 0 13 0
139 512 2480 0.00946045 3.84375 0.046875 0.046875 6 2 6 2
140 512 2480 0.00946045 3.84375 0.046875 0.046875 6 2 6 2
141 512 2500 0.00953674 3.88281 0.00390625 0.00390625 7 2 7 2
142 512 2500 0.00953674 3.88281 0.00390625 0.00390625 7 2 7 2
143 1028 2547 0.00241014 2.00973 0.00194553 0.00194553 7 0 7 0
144 1028 2547 0.00241014 2.00973 0.00194553 0.00194553 7 0 7 0
145 450 2580 0.0127407 4.73333 0.751111 0.751111 5 3 5 3
146 450 2580 0.0127407 4.73333 0.751111 0.751111 5 3 5 3
147 500 2636 0.010544 5.126 0.002 0.002 195 1 103 0
148 180 2659 0.0820679 13.7722 0.0111111 0.0333333 59 3 39 3
149 415 2779 0.0161359 5.69639 0.0240964 0.0240964 8 3 8 3
150 655 2854 0.00665229 4.34962 0.00305344 0.00152672 12 1 35 1
151 400 2860 0.017875 6.15 0.48 0.4775 9 1 9 1
152 1182 2881 0.00206209 2.02707 0.000846024 0.000846024 12 1 12 1
153 1182 2881 0.00206209 2.02707 0.000846024 0.000846024 12 1 12 1
154 363 3068 0.0232832 8.44628 0.00550964 0.00275482 30 1 26 0
155 300 3155 0.0350556 9.51667 0.00666667 0.0733333 32 0 21 0
156 363 3157 0.0239586 8.69146 0.00550964 0.00275482 33 1 34 0
157 308 3182 0.0335428 9.33117 0.025974 0.0324675 26 0 15 2
158 822 3276 0.00484842 3.98418 0.00121655 0.00121655 265 1 20 0
159 363 3279 0.0248845 9.02204 0.00275482 0.00275482 33 1 34 0
160 882 3354 0.00431148 3.2381 0.00226757 0.00226757 12 1 14 1
161 532 3474 0.0122746 5.53008 0.120301 0.240602 8 1 9 1
162 1090 3546 0.0029846 2.45321 0.0165138 0.0165138 89 1 21 0
163 398 3678 0.0232191 8.24121 0.00502513 0.00502513 22 2 20 2
164 1157 5399 0.00403317 3.83146 0.000864304 0.000864304 337 0 337 0
165 1104 3786 0.00310629 2.42935 0.116848 0.116848 6 0 6 0
166 656 3884 0.00902551 4.92073 0.292683 0.291159 9 1 9 1
167 1089 4228 0.00356516 3.88062 0.00734619 0.0486685 11 1 11 1
168 841 3988 0.00563849 3.74197 0.00475624 0.751486 6 1 4 2
169 1000 3996 0.003996 2.996 0.996 0.996 3 2 3 2
170 800 3200 0.005 4 1 1 4 4 4 4
171 800 3200 0.005 4 1 1 4 4 4 4
172 1089 4264 0.00359552 3.91368 0.00734619 0.0486685 11 1 11 1
173 822 4172 0.00617448 5.07299 0.00121655 0.00121655 301 1 21 0
174 434 4710 0.0250058 9.85253 0.00230415 0.00230415 40 3 40 3
175 541 4285 0.0146405 6.92052 0.0295749 0.00184843 10 0 540 4
176 541 4285 0.0146405 6.92052 0.0295749 0.00184843 10 0 540 4
177 541 4285 0.0146405 6.92052 0.0295749 0.00184843 10 0 540 4
178 216 4352 0.0932785 19.1481 0.00925926 0.00925926 48 7 48 7
179 900 4380 0.00540741 3.86667 0.871111 0.871111 4 2 4 2
180 822 4534 0.00671024 5.51095 0.00121655 0.00121655 303 1 21 0
181 800 4640 0.00725 4.8 0.81 0.81 5 3 5 3
182 822 4661 0.0068982 5.66545 0.00121655 0.00121655 307 1 21 0
183 961 4681 0.00506864 3.87097 0.87513 0.87513 4 2 4 2
184 961 4681 0.00506864 3.87097 0.87513 0.87513 4 2 4 2
185 961 4681 0.00506864 3.87097 0.87513 0.87513 4 2 4 2
186 961 4681 0.00506864 3.87097 0.87513 0.87513 4 2 4 2
187 961 4681 0.00506864 3.87097 0.87513 0.87513 4 2 4 2
188 961 4681 0.00506864 3.87097 0.87513 0.87513 4 2 4 2
189 822 4726 0.00699439 5.74209 0.00121655 0.00121655 310 1 21 0
190 822 4790 0.00708911 5.82117 0.00121655 0.00121655 310 1 21 0
191 1059 4919 0.00438616 4.644 0.000944287 0.000944287 232 0 89 0
192 2028 5007 0.00121742 2.00493 0.000986193 0.000986193 7 0 7 0
193 1022 5075 0.00485886 4.96477 0.000978474 0.000978474 22 0 22 0
194 2000 5184 0.001296 1.792 0.009 0.009 89 1 21 0
195 2182 5341 0.00112179 2.01467 0.000458295 0.000458295 12 1 12 1
196 968 5632 0.00601052 4.81818 0.826446 0.826446 5 3 5 3
197 760 5976 0.0103463 6.86316 0.0263158 0.0263158 20 2 20 1
198 760 5976 0.0103463 6.86316 0.0263158 0.0263158 20 2 20 1
199 760 5976 0.0103463 6.86316 0.0263158 0.0263158 20 2 20 1
200 1220 5860 0.00393711 3.87213 0.0131148 0.0131148 35 1 35 1
201 1020 5883 0.00565456 4.98725 0.0205882 0.00392157 17 1 14 0
202 1220 5884 0.00395324 3.8918 0.0131148 0.0131148 35 1 35 1
203 1220 5884 0.00395324 3.8918 0.0131148 0.0131148 35 1 35 1
204 1220 5888 0.00395593 3.89508 0.0131148 0.0131148 35 1 35 1
205 1220 5892 0.00395861 3.89836 0.0131148 0.0131148 35 1 35 1
206 1220 5892 0.00395861 3.89836 0.0131148 0.0131148 35 1 35 1
207 1220 5892 0.00395861 3.89836 0.0131148 0.0131148 35 1 35 1
208 1220 5892 0.00395861 3.89836 0.0131148 0.0131148 35 1 35 1
209 1220 5892 0.00395861 3.89836 0.0131148 0.0131148 35 1 35 1
210 1220 5892 0.00395861 3.89836 0.0131148 0.0131148 35 1 35 1
211 1220 5892 0.00395861 3.89836 0.0131148 0.0131148 35 1 35 1
212 1220 5892 0.00395861 3.89836 0.0131148 0.0131148 35 1 35 1
213 1220 5892 0.00395861 3.89836 0.0131148 0.0131148 35 1 35 1
214 1220 5892 0.00395861 3.89836 0.0131148 0.0131148 35 1 35 1
215 1220 5892 0.00395861 3.89836 0.0131148 0.0131148 35 1 35 1
216 1220 5892 0.00395861 3.89836 0.0131148 0.0131148 35 1 35 1
217 1220 5892 0.00395861 3.89836 0.0131148 0.0131148 35 1 35 1
218 1220 5892 0.00395861 3.89836 0.0131148 0.0131148 35 1 35 1
219 1220 5892 0.00395861 3.89836 0.0131148 0.0131148 35 1 35 1
220 1220 5892 0.00395861 3.89836 0.0131148 0.0131148 35 1 35 1
221 1220 5892 0.00395861 3.89836 0.0131148 0.0131148 35 1 35 1
222 1220 5892 0.00395861 3.89836 0.0131148 0.0131148 35 1 35 1
223 1220 5892 0.00395861 3.89836 0.0131148 0.0131148 35 1 35 1
224 1220 5892 0.00395861 3.89836 0.0131148 0.0131148 35 1 35 1
225 1220 5892 0.00395861 3.89836 0.0131148 0.0131148 35 1 35 1
226 1220 5892 0.00395861 3.89836 0.0131148 0.0131148 35 1 35 1
227 1220 5892 0.00395861 3.89836 0.0131148 0.0131148 35 1 35 1
228 1220 5892 0.00395861 3.89836 0.0131148 0.0131148 35 1 35 1
229 1220 5892 0.00395861 3.89836 0.0131148 0.0131148 35 1 35 1
230 1220 5892 0.00395861 3.89836 0.0131148 0.0131148 35 1 35 1
231 1220 5892 0.00395861 3.89836 0.0131148 0.0131148 35 1 35 1
232 1220 5892 0.00395861 3.89836 0.0131148 0.0131148 35 1 35 1
233 1220 5892 0.00395861 3.89836 0.0131148 0.0131148 35 1 35 1
234 1220 5892 0.00395861 3.89836 0.0131148 0.0131148 35 1 35 1
235 1220 5892 0.00395861 3.89836 0.0131148 0.0131148 35 1 35 1
236 1220 5892 0.00395861 3.89836 0.0131148 0.0131148 35 1 35 1
237 1220 5892 0.00395861 3.89836 0.0131148 0.0131148 35 1 35 1
238 1220 5892 0.00395861 3.89836 0.0131148 0.0131148 35 1 35 1
239 1220 5892 0.00395861 3.89836 0.0131148 0.0131148 35 1 35 1
240 1220 5892 0.00395861 3.89836 0.0131148 0.0131148 35 1 35 1
241 1220 5892 0.00395861 3.89836 0.0131148 0.0131148 35 1 35 1
242 317 7327 0.0729135 22.347 0.100946 0.0252366 61 0 61 8
243 317 7327 0.0729135 22.347 0.100946 0.0252366 61 0 61 8
244 1484 6110 0.00277443 3.35849 0.00134771 0.00134771 12 2 12 2
245 628 6346 0.0160909 9.1051 0.0159236 0.00159236 26 0 17 2
246 317 7327 0.0729135 22.347 0.0252366 0.100946 61 8 61 0
247 1250 7300 0.004672 4.84 0.8464 0.8464 5 3 5 3
248 2021 7353 0.00180025 3.63582 0.0148441 0.00742207 12 1 26 1
249 317 7327 0.0729135 22.347 0.0252366 0.100946 61 8 61 0
250 1220 7382 0.00495969 5.10492 0.000819672 0.000819672 49 1 49 1
251 1220 7382 0.00495969 5.10492 0.000819672 0.000819672 49 1 49 1
252 782 7514 0.0122873 8.6087 0.00383632 0.00383632 23 2 21 2
253 1258 7682 0.00485415 6.02226 0.000794913 0.000794913 69 1 203 1
254 1794 7764 0.00241235 3.32776 0.165552 0.166667 10 1 5 1
255 2000 7996 0.001999 2.998 0.998 0.998 3 2 3 2
256 1538 8032 0.00339556 5.22237 0.000650195 0.000650195 72 0 754 0
257 1374 8606 0.00455856 5.63028 0.0349345 0.0349345 16 1 16 1
258 4000 8784 0.000549 1.396 0.0045 0.0045 89 1 21 0
259 4772 8965 0.000393686 1.87867 0.000419111 0.000209556 175 0 124 0
260 3001 9000 0.000999334 1.99933 0.000333222 0.000333222 3000 1 3000 1
261 1224 9613 0.00641647 6.85376 0.00490196 0.00163399 15 4 29 1
262 4028 9927 0.000611842 2.00248 0.000496524 0.000496524 7 0 7 0
263 4028 9927 0.000611842 2.00248 0.000496524 0.000496524 7 0 7 0
264 2048 10114 0.00241137 3.93848 0.000976562 0.000976562 7 2 7 2
265 4182 10261 0.000586707 2.00765 0.00023912 0.00023912 12 1 12 1
266 4182 10261 0.000586707 2.00765 0.00023912 0.00023912 12 1 12 1
267 3084 10413 0.00109483 3.37613 0.000324254 0.000324254 104 0 121 0
268 791 10685 0.0170774 12.6473 0.00379267 0.00379267 42 0 42 0
269 2836 11404 0.0014179 4.0201 0.00317348 0.0275035 10 1 11 1
270 2837 11407 0.00141727 4.01974 0.00317237 0.0271413 10 1 11 1
271 1015 11003 0.0106802 9.84039 0.0197044 0.0197044 17 4 17 4
272 1813 11097 0.00337606 5.12741 0.000551572 0.000551572 1309 1 1331 1
273 1813 11148 0.00339157 5.15554 0.000551572 0.000551572 1309 1 1331 0
274 1813 11156 0.00339401 5.15996 0.000551572 0.000551572 1309 1 1331 1
275 1813 11156 0.00339401 5.15996 0.000551572 0.000551572 1309 1 1331 1
276 1813 11226 0.0034153 5.19857 0.000551572 0.000551572 1309 1 1331 1
277 1813 11232 0.00341713 5.20188 0.000551572 0.000551572 1309 1 1331 0
278 1813 11242 0.00342017 5.20739 0.000551572 0.000551572 1309 1 1331 1
279 1813 11245 0.00342108 5.20905 0.000551572 0.000551572 1309 1 1331 1
280 1813 11245 0.00342108 5.20905 0.000551572 0.000551572 1309 1 1331 1
281 1813 11245 0.00342108 5.20905 0.000551572 0.000551572 1309 1 1331 1
282 1813 11246 0.00342139 5.2096 0.000551572 0.000551572 1309 1 1331 1
283 1813 11246 0.00342139 5.2096 0.000551572 0.000551572 1309 1 1331 1
284 1813 11246 0.00342139 5.2096 0.000551572 0.000551572 1309 1 1331 1
285 1813 11246 0.00342139 5.2096 0.000551572 0.000551572 1309 1 1331 1
286 1813 11246 0.00342139 5.2096 0.000551572 0.000551572 1309 1 1331 1
287 1813 11246 0.00342139 5.2096 0.000551572 0.000551572 1309 1 1331 1
288 1813 11246 0.00342139 5.2096 0.000551572 0.000551572 1309 1 1331 1
289 1813 11246 0.00342139 5.2096 0.000551572 0.000551572 1309 1 1331 1
290 1813 11246 0.00342139 5.2096 0.000551572 0.000551572 1309 1 1331 1
291 1813 11246 0.00342139 5.2096 0.000551572 0.000551572 1309 1 1331 1
292 1813 11246 0.00342139 5.2096 0.000551572 0.000551572 1309 1 1331 1
293 1813 11246 0.00342139 5.2096 0.000551572 0.000551572 1309 1 1331 1
294 1813 11246 0.00342139 5.2096 0.000551572 0.000551572 1309 1 1331 1
295 1813 11246 0.00342139 5.2096 0.000551572 0.000551572 1309 1 1331 1
296 1813 11246 0.00342139 5.2096 0.000551572 0.000551572 1309 1 1331 1
297 1813 11246 0.00342139 5.2096 0.000551572 0.000551572 1309 1 1331 1
298 1813 11246 0.00342139 5.2096 0.000551572 0.000551572 1309 1 1331 1
299 1813 11246 0.00342139 5.2096 0.000551572 0.000551572 1309 1 1331 1
300 1813 11246 0.00342139 5.2096 0.000551572 0.000551572 1309 1 1331 1
301 1813 11246 0.00342139 5.2096 0.000551572 0.000551572 1309 1 1331 1
302 1813 11246 0.00342139 5.2096 0.000551572 0.000551572 1309 1 1331 1
303 1813 11246 0.00342139 5.2096 0.000551572 0.000551572 1309 1 1331 1
304 1813 11246 0.00342139 5.2096 0.000551572 0.000551572 1309 1 1331 1
305 1813 11246 0.00342139 5.2096 0.000551572 0.000551572 1309 1 1331 1
306 1813 11246 0.00342139 5.2096 0.000551572 0.000551572 1309 1 1331 1
307 1813 11246 0.00342139 5.2096 0.000551572 0.000551572 1309 1 1331 1
308 1813 11246 0.00342139 5.2096 0.000551572 0.000551572 1309 1 1331 1
309 1813 11246 0.00342139 5.2096 0.000551572 0.000551572 1309 1 1331 1
310 1813 11246 0.00342139 5.2096 0.000551572 0.000551572 1309 1 1331 1
311 1813 11246 0.00342139 5.2096 0.000551572 0.000551572 1309 1 1331 1
312 1813 11246 0.00342139 5.2096 0.000551572 0.000551572 1309 1 1331 1
313 1813 11246 0.00342139 5.2096 0.000551572 0.000551572 1309 1 1331 1
314 1813 11246 0.00342139 5.2096 0.000551572 0.000551572 1309 1 1331 1
315 1813 11246 0.00342139 5.2096 0.000551572 0.000551572 1309 1 1331 1
316 1813 11246 0.00342139 5.2096 0.000551572 0.000551572 1309 1 1331 1
317 1813 11246 0.00342139 5.2096 0.000551572 0.000551572 1309 1 1331 1
318 1813 11246 0.00342139 5.2096 0.000551572 0.000551572 1309 1 1331 1
319 1813 11246 0.00342139 5.2096 0.000551572 0.000551572 1309 1 1331 1
320 1813 11246 0.00342139 5.2096 0.000551572 0.000551572 1309 1 1331 1
321 1813 11246 0.00342139 5.2096 0.000551572 0.000551572 1309 1 1331 1
322 1813 11246 0.00342139 5.2096 0.000551572 0.000551572 1309 1 1331 1
323 1813 11246 0.00342139 5.2096 0.000551572 0.000551572 1309 1 1331 1
324 1813 11246 0.00342139 5.2096 0.000551572 0.000551572 1309 1 1331 1
325 1813 11246 0.00342139 5.2096 0.000551572 0.000551572 1309 1 1331 1
326 1813 11246 0.00342139 5.2096 0.000551572 0.000551572 1309 1 1331 1
327 1813 11246 0.00342139 5.2096 0.000551572 0.000551572 1309 1 1331 1
328 1813 11246 0.00342139 5.2096 0.000551572 0.000551572 1309 1 1331 1
329 1813 11246 0.00342139 5.2096 0.000551572 0.000551572 1309 1 1331 1
330 1813 11246 0.00342139 5.2096 0.000551572 0.000551572 1309 1 1331 1
331 1813 11246 0.00342139 5.2096 0.000551572 0.000551572 1309 1 1331 1
332 1813 11246 0.00342139 5.2096 0.000551572 0.000551572 1309 1 1331 1
333 1813 11246 0.00342139 5.2096 0.000551572 0.000551572 1309 1 1331 1
334 1813 11246 0.00342139 5.2096 0.000551572 0.000551572 1309 1 1331 1
335 1856 11360 0.00329779 5.12069 0.523707 0.484914 6 0 6 1
336 1856 11550 0.00335294 5.22306 0.000538793 0.000538793 127 0 64 1
337 903 11766 0.0144296 12.0299 0.55371 0.00332226 16 0 18 2
338 3083 21216 0.00223211 6.88031 0.0499513 0.00356795 34 1 43 0
339 2048 12032 0.00286865 4.875 0.878906 0.878906 5 3 5 3
340 2048 12032 0.00286865 4.875 0.878906 0.878906 5 3 5 3
341 1268 12786 0.00795236 9.0836 0.00788644 0.00473186 26 0 15 2
342 1879 12926 0.00366109 5.88398 0.000532198 0.000532198 1194 1 1194 1
343 8081 13036 0.000199625 0.613167 0.000742482 0.000123747 4 0 35 0
344 2395 17319 0.00301934 6.23132 0.000417537 0.000417537 123 1 123 1
345 1048 13299 0.0121087 12.6059 0.0333969 0.00858779 41 0 14 9
346 364 13585 0.102531 36.3214 0.00824176 0.00274725 81 1 215 1
347 2205 14133 0.00290681 5.40952 0.491156 0.491156 6 3 6 3
348 1814 14579 0.0044305 7.0419 0.000551268 0.000551268 1334 1 1334 1
349 2961 14585 0.00166353 3.9257 0.927052 0.927052 4 2 4 2
350 2290 14873 0.00283614 5.4952 0.000873362 0.000436681 2288 3 2288 4
351 9664 16150 0.000172925 1.67115 0.000103477 0.000103477 164 0 199 0
352 2508 16727 0.00265927 5.66946 0.0015949 0.00119617 27 0 24 0
353 480 17088 0.0741667 35.5125 0.547917 0.0354167 36 34 119 4
354 480 17088 0.0741667 35.5104 0.5625 0.0125 36 34 119 4
355 2880 19635 0.00236726 5.81771 0.0243056 0.000347222 35 1 35 1
356 2880 19635 0.00236726 5.81771 0.0243056 0.000347222 35 1 35 1
357 2909 18246 0.00215616 6.27054 0.000343761 0.000343761 41 0 583 0
358 1477 18592 0.00852246 12.5708 0.199729 0.0128639 43 0 26 1
359 2053 18447 0.00437671 7.98539 0.000974184 0.993668 2052 2 8 2
360 3200 18880 0.00184375 4.9 0.9025 0.9025 5 3 5 3
361 656 19144 0.0444862 28.1829 0.0823171 0.0823171 61 5 61 5
362 1490 19025 0.00856943 12.7664 0.000671141 0.000671141 256 0 337 0
363 2903 19093 0.00226558 5.57699 0.635205 0.635205 6 3 6 3
364 2903 19093 0.00226558 5.57699 0.635205 0.635205 6 3 6 3
365 1348 19457 0.0107077 14.2433 0.00222552 0.00445104 55 0 37 0
366 4960 23884 0.000970831 3.81532 0.000403226 0.000403226 31 1 31 1
367 5000 19996 0.00079984 2.9992 0.4996 0.9992 5 1 3 2
368 5005 20033 0.00079972 3.0026 0.281718 0.281718 6 0 6 0
369 4720 20042 0.000899616 3.58517 0.305932 0.305932 5 1 5 1
370 5151 20199 0.000761284 3.92137 0.941759 0.941759 4 1 4 1
371 3008 27576 0.00304772 9.16689 0.00132979 0.00365691 73 1 68 1
372 3268 27836 0.00260641 8.51714 0.00122399 0.00336597 73 1 68 1
373 3008 27576 0.00304772 9.16689 0.00132979 0.00365691 73 1 68 1
374 6301 20777 0.000523316 3.29741 0.000158705 0.000158705 48 0 91 0
375 3312 20793 0.00189556 5.27808 0.0389493 0.000301932 20 0 16 0
376 3169 20841 0.00207527 5.57652 0.000315557 0.000315557 9 2 9 2
377 3169 20841 0.00207527 5.57652 0.000315557 0.000315557 9 2 9 2
378 3268 27836 0.00260641 8.51714 0.00122399 0.00336597 73 1 68 1
379 4510 21199 0.00104223 3.70244 0.000221729 0.000221729 1273 1 1284 0
380 1700 21509 0.00744256 11.6524 0.000588235 0.119412 28 0 19 0
381 5308 23752 0.000843021 4.47438 0.0173323 0.0339111 14 1 19 1
382 5308 23752 0.000843021 4.47438 0.0173323 0.0339111 14 1 19 1
383 1080 23094 0.0197994 20.3833 0.00925926 0.00462963 41 0 33 0
384 6019 23492 0.000648442 2.90297 0.000166141 0.000166141 9 1 9 1
385 2870 23754 0.00288385 7.27666 0.863763 0.863763 8 0 8 0
386 3783 24186 0.00169002 6.39334 0.00026434 0.00026434 490 0 398 0
387 765 24382 0.0416626 30.8719 0.00261438 0.00130719 80 16 108 16
388 3937 25407 0.00163916 5.63983 0.18288 0.13716 10 0 12 0
389 3937 25407 0.00163916 5.63983 0.18288 0.13716 10 0 12 0
390 2548 25674 0.00395453 9.07614 0.0102041 0.00313972 26 0 16 2
391 8114 26013 0.000395112 3.20594 0.000123244 0.000369731 61 0 92 0
392 6691 26439 0.000590559 2.95143 0.00388582 0.000597818 9 1 9 0
393 7500 28462 0.000505991 3.79493 0.282133 0.000266667 6 1 8 1
394 4000 29336 0.0018335 6.334 0.0005 0.0005 33 3 33 3
395 500 28726 0.114904 56.452 0.002 0.002 334 0 334 0
396 6747 56196 0.00123448 8.3277 0.0712909 0.00163035 34 1 43 1
397 5000 29600 0.001184 4.92 0.9216 0.9216 5 3 5 3
398 1182 32747 0.0234389 26.9577 0.137056 0.0829103 61 0 61 8
399 1182 32747 0.0234389 26.9577 0.137056 0.0829103 61 0 61 8
400 7055 34855 0.000700279 3.94047 0.953083 0.952941 4 1 4 1
401 7055 34855 0.000700279 3.94047 0.953083 0.952941 4 1 4 1
402 4908 30482 0.00126542 5.21088 0.000407498 0.000407498 37 0 33 1
403 8717 31525 0.000414879 3.6165 0.000114718 0.000114718 113 0 64 0
404 1182 32282 0.023106 26.5643 0.137056 0.0829103 61 0 61 5
405 1182 32747 0.0234389 26.9577 0.0829103 0.137056 61 8 61 0
406 7602 32653 0.000565025 3.30203 0.000131544 0.000131544 51 1 51 1
407 1182 32747 0.0234389 26.9577 0.0829103 0.137056 61 8 61 0
